Start Time,Ambient Temperture,Ambient Pressure,NOy,NO,NO2,O3,SO2,CO,PM2.5,PM10
Unix Time (s UTC),C,mmHg,ppbv,ppbv,ppbv,ppbv,ppbv,ppbv,ug m-3,ug m-3
1579996800.0,21.1,740.7,38.5,1.05,33.5,10.9,1.13,NaN,5.9,9.5
1579996860.0,21.1,740.7,38.5,1.09,33.5,11.1,1.13,NaN,6.0,9.5
1579996920.0,21.1,740.7,38.5,1.13,33.6,10.8,1.13,NaN,6.0,9.5
1579996980.0,21.1,740.7,38.6,1.18,33.7,10.7,1.13,NaN,5.9,9.5
1579997040.0,21.1,740.7,38.8,1.20,33.8,10.9,1.12,NaN,5.9,9.5
1579997100.0,21.1,740.7,38.8,1.20,33.9,11.1,1.12,NaN,5.9,9.5
1579997160.0,21.1,740.7,38.9,1.22,34.0,11.3,1.13,NaN,6.0,9.6
1579997220.0,21.0,740.7,39.2,1.20,34.1,10.9,1.13,NaN,6.0,9.6
1579997280.0,21.0,740.7,39.4,1.17,34.3,10.5,1.14,NaN,6.0,9.5
1579997340.0,21.0,740.7,39.5,1.15,34.4,10.6,1.13,NaN,6.0,9.4
1579997400.0,20.9,740.7,39.7,1.14,34.6,10.5,1.13,NaN,6.0,9.4
1579997460.0,20.9,740.8,39.8,1.13,34.8,10.1,1.12,NaN,5.9,9.4
1579997520.0,20.8,740.8,40.1,1.15,35.1,10.1,1.12,693.0,6.0,9.5
1579997580.0,20.8,740.8,40.4,1.17,35.4,9.9,1.12,699.1,6.0,9.6
1579997640.0,20.8,740.7,40.7,1.19,35.7,9.8,1.12,704.7,6.0,9.6
1579997700.0,20.7,740.7,40.9,1.22,35.7,9.3,1.12,709.5,6.0,9.7
1579997760.0,20.8,740.8,41.0,1.25,35.2,9.2,1.12,709.9,6.1,9.7
1579997820.0,20.8,740.9,41.2,1.22,35.1,8.5,1.11,710.8,6.1,9.8
1579997880.0,20.8,740.9,41.4,1.18,35.2,8.3,1.11,710.9,6.1,9.7
1579997940.0,20.8,740.9,41.5,1.14,35.7,8.1,1.11,711.9,6.1,9.8
1579998000.0,20.9,740.9,41.5,1.10,37.0,8.2,1.11,712.6,6.1,9.9
1579998060.0,20.9,740.9,41.5,1.07,37.4,8.5,1.10,716.1,6.2,10.0
1579998120.0,21.0,740.9,41.5,1.06,37.3,8.2,1.09,721.0,6.2,10.0
1579998180.0,21.0,740.9,41.8,1.08,37.4,7.9,1.09,724.1,6.3,10.0
1579998240.0,21.0,740.9,42.2,1.13,37.8,7.8,1.09,724.4,6.2,10.0
1579998300.0,21.0,740.9,42.7,1.22,38.4,7.5,1.10,722.1,6.2,9.9
1579998360.0,21.0,740.9,43.1,1.33,38.8,7.6,1.10,720.0,6.2,9.9
1579998420.0,21.0,740.9,43.6,1.47,39.1,7.4,1.11,718.8,6.2,9.9
1579998480.0,21.0,741.0,44.1,1.58,39.4,6.9,1.11,718.2,6.2,9.9
1579998540.0,20.9,740.9,44.8,1.69,39.8,6.4,1.11,721.5,6.2,9.8
1579998600.0,20.9,741.0,45.3,1.76,40.1,6.1,1.12,722.6,6.2,9.8
1579998660.0,20.9,741.0,45.8,1.83,40.2,6.2,1.12,723.2,6.1,9.7
1579998720.0,20.9,741.0,46.1,1.89,40.2,6.3,1.13,721.7,6.1,9.7
1579998780.0,20.9,741.0,46.4,1.91,39.7,6.1,1.13,721.3,6.2,9.9
1579998840.0,20.9,741.0,46.6,1.90,39.3,5.3,1.13,720.8,6.2,9.9
1579998900.0,20.9,741.0,46.8,1.87,39.8,5.6,1.13,727.2,6.2,10.0
1579998960.0,21.0,741.0,46.9,1.81,40.5,5.6,1.13,733.6,6.3,10.2
1579999020.0,21.0,741.0,46.9,1.76,41.1,5.2,1.13,731.3,6.3,10.2
1579999080.0,21.0,741.0,46.8,1.76,41.0,5.3,1.14,729.8,6.3,10.2
1579999140.0,21.1,740.9,46.8,1.78,40.8,5.1,1.15,723.3,6.4,10.3
1579999200.0,21.1,740.9,46.9,1.81,40.7,4.7,1.15,726.7,6.4,10.4
1579999260.0,21.1,740.9,47.0,1.87,41.1,4.9,1.15,727.7,6.4,10.4
1579999320.0,21.1,740.9,47.2,1.93,41.0,4.6,1.15,729.9,6.4,10.5
1579999380.0,21.1,740.8,47.2,2.04,41.1,4.4,1.16,731.2,6.5,10.5
1579999440.0,21.1,740.7,47.3,2.17,41.0,4.7,1.16,731.6,6.4,10.4
1579999500.0,21.0,740.7,47.4,2.28,40.9,5.0,1.17,732.0,6.3,10.2
1579999560.0,21.0,740.7,47.7,2.32,40.9,4.7,1.17,729.4,6.3,10.2
1579999620.0,21.0,740.7,47.7,2.34,40.9,4.5,1.16,728.1,6.2,10.1
1579999680.0,20.9,740.8,47.7,2.37,40.9,4.3,1.16,727.3,6.2,10.1
1579999740.0,20.9,740.8,47.7,2.40,40.9,4.3,1.16,724.7,6.2,10.0
1579999800.0,20.9,740.8,47.7,2.41,40.7,4.0,1.16,724.2,6.2,10.0
1579999860.0,20.9,740.8,47.6,2.38,40.1,3.8,1.17,725.5,6.2,10.0
1579999920.0,20.9,740.8,47.5,2.33,40.1,3.7,1.18,725.0,6.2,10.0
1579999980.0,21.0,740.8,47.3,2.29,40.1,3.6,1.17,722.5,6.2,10.0
1580000040.0,21.0,740.8,47.2,2.26,40.3,4.0,1.17,715.9,6.2,10.0
1580000100.0,21.0,740.8,47.1,2.22,40.3,4.3,1.17,712.9,6.2,10.1
1580000160.0,21.1,740.8,46.9,2.20,40.2,4.2,1.17,712.6,6.3,10.2
1580000220.0,21.1,740.8,46.6,2.21,40.2,3.9,1.18,719.9,6.3,10.1
1580000280.0,21.1,740.8,46.3,2.24,40.1,3.9,1.18,718.9,6.3,10.1
1580000340.0,21.2,740.8,46.2,2.25,39.8,3.6,1.17,718.6,6.3,10.0
1580000400.0,21.2,740.8,46.2,2.26,39.6,3.4,1.17,716.3,6.3,10.0
1580000460.0,21.2,740.8,46.1,2.27,39.5,3.8,1.16,712.3,6.3,10.1
1580000520.0,21.2,740.8,46.0,2.26,39.4,4.2,1.15,714.6,6.3,10.0
1580000580.0,21.2,740.8,46.0,2.25,39.3,3.5,1.14,712.0,6.3,10.0
1580000640.0,21.3,740.7,46.0,2.21,39.2,3.0,1.15,714.3,6.4,10.1
1580000700.0,21.3,740.7,46.1,2.15,39.1,3.3,1.15,717.2,6.5,10.2
1580000760.0,21.3,740.7,46.0,2.09,39.0,3.4,1.15,720.8,6.5,10.2
1580000820.0,21.3,740.8,45.8,2.08,38.9,3.6,1.14,722.0,6.5,10.2
1580000880.0,21.3,740.8,45.6,2.09,38.8,3.4,1.14,720.6,6.6,10.4
1580000940.0,21.3,740.8,45.5,2.10,38.6,3.3,1.13,717.5,6.7,10.5
1580001000.0,21.3,740.8,45.4,2.11,38.5,3.5,1.13,714.4,6.7,10.6
1580001060.0,21.3,740.9,45.2,2.14,38.4,3.9,1.12,711.7,6.7,10.7
1580001120.0,21.3,740.9,45.0,2.15,38.3,3.9,1.12,713.0,6.7,10.7
1580001180.0,21.3,740.9,44.9,2.15,38.1,3.7,1.10,708.1,6.8,10.7
1580001240.0,21.3,740.9,44.8,2.15,38.0,3.7,1.10,709.2,6.7,10.7
1580001300.0,21.3,740.9,44.7,2.12,37.8,3.4,1.09,707.2,6.7,10.6
1580001360.0,21.3,740.9,44.6,2.09,37.8,3.1,1.09,707.3,6.7,10.5
1580001420.0,21.3,740.9,44.6,2.07,37.8,2.9,1.09,707.8,6.7,10.5
1580001480.0,21.3,740.9,44.4,2.06,37.7,3.0,1.09,705.5,6.6,10.4
1580001540.0,21.3,740.9,44.4,2.01,37.7,3.4,1.10,703.4,6.6,10.3
1580001600.0,21.3,740.9,44.3,2.00,37.4,3.6,1.10,699.5,6.6,10.2
1580001660.0,21.3,740.9,44.3,2.01,37.3,3.3,1.10,694.8,6.5,10.1
1580001720.0,21.3,740.9,44.2,2.01,37.2,2.8,1.11,694.8,6.5,10.1
1580001780.0,21.3,740.9,44.2,2.00,37.1,2.9,1.11,694.2,6.5,10.1
1580001840.0,21.3,740.9,44.0,1.99,36.9,3.2,1.11,688.9,6.5,10.0
1580001900.0,21.2,740.8,43.8,1.94,36.8,3.4,1.11,688.1,6.5,10.0
1580001960.0,21.2,740.9,43.6,1.92,36.7,3.5,1.11,684.0,6.5,10.0
1580002020.0,21.2,741.0,43.3,1.90,36.5,3.4,1.11,683.9,6.5,10.0
1580002080.0,21.2,741.0,43.2,1.85,36.4,3.5,1.11,680.5,6.5,10.0
1580002140.0,21.2,741.2,43.0,1.79,36.2,3.3,1.11,674.3,6.5,10.0
1580002200.0,21.2,741.1,42.7,1.73,36.1,3.6,1.12,668.1,6.5,10.1
1580002260.0,21.2,741.1,42.4,1.69,36.0,3.9,1.12,666.2,6.5,10.1
1580002320.0,21.2,741.1,42.3,1.65,35.8,3.5,1.12,665.7,6.5,10.0
1580002380.0,21.2,741.1,42.2,1.62,35.8,3.1,1.12,667.1,6.5,10.1
1580002440.0,21.2,741.1,42.1,1.58,35.7,3.0,1.13,664.0,6.6,10.1
1580002500.0,21.2,741.1,41.9,1.54,35.7,3.1,1.12,663.8,6.6,10.2
1580002560.0,21.2,741.1,41.7,1.51,35.6,3.0,1.12,660.4,6.6,10.2
1580002620.0,21.2,741.2,41.6,1.49,35.6,3.2,1.12,661.3,6.6,10.2
1580002680.0,21.2,741.2,41.5,1.46,35.5,3.7,1.12,661.0,6.6,10.2
1580002740.0,21.2,741.2,41.4,1.44,35.4,3.6,1.12,664.7,6.6,10.2
1580002800.0,21.2,741.2,41.3,1.43,35.3,3.6,1.11,670.5,6.6,10.3
1580002860.0,21.2,741.2,41.3,1.43,35.2,3.4,1.11,671.4,6.7,10.3
1580002920.0,21.2,741.2,41.2,1.45,35.3,3.1,1.12,668.4,6.7,10.3
1580002980.0,21.2,741.2,41.1,1.47,35.3,3.1,1.12,664.4,6.7,10.3
1580003040.0,21.2,741.2,41.1,1.50,35.4,3.2,1.12,665.2,6.6,10.3
1580003100.0,21.2,741.2,41.1,1.52,35.5,3.0,1.12,668.9,6.6,10.3
1580003160.0,21.2,741.2,41.0,1.57,35.5,3.2,1.12,670.1,6.7,10.4
1580003220.0,21.2,741.2,40.9,1.62,35.4,3.5,1.11,670.6,6.7,10.4
1580003280.0,21.2,741.2,40.9,1.65,35.4,3.4,1.12,668.1,6.7,10.4
1580003340.0,21.2,741.2,40.9,1.66,35.3,2.9,1.11,667.8,6.7,10.5
1580003400.0,21.2,741.2,40.9,1.65,35.3,2.7,1.11,669.2,6.7,10.5
1580003460.0,21.2,741.2,40.9,1.65,35.2,2.8,1.10,668.9,6.7,10.5
1580003520.0,21.2,741.2,40.8,1.62,35.1,2.8,1.10,668.7,6.6,10.3
1580003580.0,21.1,741.3,40.8,1.58,35.1,2.9,1.11,667.1,6.6,10.3
1580003640.0,21.1,741.4,40.9,1.54,35.1,3.0,1.11,664.8,6.6,10.3
1580003700.0,21.1,741.4,40.9,1.50,35.1,2.7,1.11,665.1,6.6,10.3
1580003760.0,21.1,741.4,40.9,1.46,35.0,2.8,1.11,666.4,6.6,10.3
1580003820.0,21.1,741.4,41.0,1.45,35.0,2.9,1.11,666.1,6.6,10.3
1580003880.0,21.1,741.4,41.0,1.43,35.0,3.2,1.12,668.2,6.6,10.2
1580003940.0,21.1,741.5,41.0,1.40,35.0,2.8,1.12,NaN,6.6,10.2
1580004000.0,21.1,741.4,41.1,1.39,35.1,2.4,1.13,NaN,6.6,10.3
1580004060.0,21.1,741.4,41.1,1.41,35.1,2.5,1.13,NaN,6.6,10.3
1580004120.0,21.1,741.4,41.1,1.41,35.1,2.3,1.13,NaN,6.6,10.3
1580004180.0,21.1,741.4,41.1,1.40,35.1,2.4,1.14,NaN,6.7,10.4
1580004240.0,21.1,741.5,41.1,1.40,35.1,2.6,1.14,NaN,6.7,10.4
1580004300.0,21.1,741.4,41.1,1.39,35.2,2.8,1.14,NaN,6.7,10.4
1580004360.0,21.1,741.5,41.1,1.42,35.1,2.4,1.14,NaN,6.7,10.4
1580004420.0,21.1,741.5,41.2,1.44,35.2,2.0,1.14,NaN,6.8,10.5
1580004480.0,21.1,741.5,41.3,1.46,35.3,1.7,1.14,NaN,6.8,10.5
1580004540.0,21.1,741.6,41.4,1.48,35.3,1.7,1.14,NaN,6.8,10.6
1580004600.0,21.1,741.6,41.5,1.49,35.3,2.1,1.13,NaN,6.8,10.7
1580004660.0,21.1,741.6,41.6,1.49,35.4,2.1,1.12,NaN,6.8,10.7
1580004720.0,21.1,741.6,41.7,1.51,35.4,2.2,1.12,672.0,6.9,10.7
1580004780.0,21.1,741.6,41.7,1.52,35.5,2.0,1.11,679.8,6.9,10.8
1580004840.0,21.1,741.6,41.8,1.53,35.6,1.9,1.11,688.8,6.9,10.7
1580004900.0,21.1,741.6,41.9,1.53,35.6,1.9,1.11,689.4,6.8,10.7
1580004960.0,21.1,741.5,42.0,1.53,35.6,1.9,1.11,689.4,6.8,10.7
1580005020.0,21.1,741.4,42.0,1.53,35.7,2.4,1.10,687.3,6.8,10.7
1580005080.0,21.1,741.4,42.0,1.55,35.9,2.0,1.10,688.4,6.8,10.7
1580005140.0,21.1,741.4,42.1,1.58,35.9,1.9,1.09,690.4,6.8,10.6
1580005200.0,21.1,741.4,42.1,1.61,35.9,2.2,1.09,690.6,6.8,10.6
1580005260.0,21.1,741.4,42.0,1.65,35.8,2.0,1.09,691.2,6.8,10.6
1580005320.0,21.1,741.4,41.9,1.66,35.8,1.7,1.09,691.1,6.8,10.5
1580005380.0,21.1,741.4,41.9,1.69,35.8,2.0,1.09,693.6,6.7,10.4
1580005440.0,21.1,741.4,41.9,1.71,35.8,2.1,1.08,694.3,6.8,10.4
1580005500.0,21.1,741.4,42.0,1.73,35.8,2.0,1.08,696.6,6.8,10.5
1580005560.0,21.1,741.5,41.9,1.74,35.8,2.1,1.09,693.7,6.8,10.6
1580005620.0,21.1,741.4,41.9,1.75,35.7,2.6,1.10,691.7,6.9,10.6
1580005680.0,21.1,741.5,41.9,1.75,35.7,2.4,1.10,690.2,6.9,10.6
1580005740.0,21.1,741.5,42.0,1.74,35.7,2.0,1.10,688.5,6.9,10.8
1580005800.0,21.1,741.6,42.0,1.74,35.6,2.2,1.10,687.1,7.0,10.9
1580005860.0,21.1,741.6,41.9,1.75,35.6,2.2,1.10,684.6,6.9,10.8
1580005920.0,21.1,741.6,41.9,1.76,35.6,2.0,1.10,683.8,6.9,10.8
1580005980.0,21.1,741.6,42.0,1.78,35.6,2.1,1.10,686.7,6.9,10.8
1580006040.0,21.1,741.6,42.0,1.83,35.5,2.1,1.10,687.0,6.9,10.8
1580006100.0,21.1,741.6,42.0,1.87,35.4,2.0,1.09,688.9,6.9,10.7
1580006160.0,21.1,741.6,42.0,1.92,35.4,2.1,1.08,693.8,6.9,10.7
1580006220.0,21.0,741.6,42.0,1.99,35.4,2.1,1.08,693.6,6.9,10.7
1580006280.0,21.0,741.6,42.0,2.06,35.2,2.0,1.08,697.3,6.9,10.6
1580006340.0,21.0,741.6,42.0,2.12,35.2,1.9,1.08,695.4,6.9,10.8
1580006400.0,21.0,741.6,42.0,2.16,35.2,2.0,1.08,698.8,6.9,10.7
1580006460.0,21.0,741.6,41.9,2.21,35.1,1.9,1.08,698.7,6.9,10.6
1580006520.0,21.0,741.6,41.8,2.24,35.1,1.6,1.08,698.6,6.9,10.6
1580006580.0,21.0,741.6,41.7,2.26,35.0,1.7,1.08,698.6,6.9,10.6
1580006640.0,21.0,741.7,41.7,2.27,35.0,1.9,1.08,696.7,6.9,10.7
1580006700.0,21.0,741.7,41.5,2.26,35.0,1.7,1.08,698.3,6.9,10.8
1580006760.0,21.0,741.7,41.4,2.25,34.9,1.4,1.08,694.2,7.0,10.9
1580006820.0,21.0,741.8,41.3,2.25,34.9,1.7,1.08,692.1,7.0,10.9
1580006880.0,21.0,741.7,41.2,2.25,34.9,2.1,1.08,689.6,7.0,10.9
1580006940.0,21.0,741.7,41.2,2.22,34.9,2.1,1.09,688.7,7.0,10.9
1580007000.0,21.0,741.7,41.1,2.22,34.8,1.9,1.09,690.1,7.0,10.9
1580007060.0,21.0,741.7,41.0,2.20,34.8,1.9,1.10,688.6,6.9,10.8
1580007120.0,21.0,741.8,41.0,2.17,34.7,1.6,1.12,685.2,6.9,10.8
1580007180.0,21.0,741.8,40.9,2.16,34.6,1.6,1.12,683.4,7.0,10.9
1580007240.0,21.0,741.8,40.8,2.12,34.6,2.0,1.12,683.7,7.0,10.8
1580007300.0,21.0,741.8,40.8,2.08,34.6,2.5,1.13,684.8,7.0,10.8
1580007360.0,21.0,741.8,40.7,2.05,34.6,2.0,1.13,686.9,6.9,10.7
1580007420.0,21.0,741.8,40.7,2.03,34.6,1.7,1.13,684.5,6.9,10.6
1580007480.0,21.0,741.9,40.8,1.99,34.6,2.1,1.12,688.6,6.9,10.6
1580007540.0,21.0,741.9,40.8,1.98,34.6,2.2,1.11,687.1,7.0,10.7
1580007600.0,21.0,741.9,40.8,1.95,34.6,2.0,1.12,689.2,7.0,10.7
1580007660.0,21.0,741.9,40.8,1.94,34.7,2.1,1.12,688.0,7.0,10.7
1580007720.0,21.0,742.0,40.9,1.93,34.6,2.1,1.13,682.7,7.0,10.7
1580007780.0,21.0,742.1,40.9,1.94,34.6,2.3,1.13,684.1,7.0,10.7
1580007840.0,21.0,742.1,41.0,1.94,34.5,2.2,1.13,682.9,7.0,10.6
1580007900.0,21.0,742.1,41.0,1.97,34.6,1.6,1.14,686.0,7.1,10.7
1580007960.0,21.0,742.2,41.0,1.99,34.6,1.7,1.13,688.3,7.1,10.7
1580008020.0,21.0,742.2,41.0,2.00,34.7,1.8,1.13,691.8,7.1,10.8
1580008080.0,21.0,742.2,41.2,2.03,34.7,2.1,1.13,693.9,7.1,10.9
1580008140.0,21.0,742.2,41.3,2.05,34.7,1.9,1.13,695.7,7.2,10.9
1580008200.0,21.0,742.2,41.3,2.07,34.7,1.8,1.13,690.3,7.2,10.9
1580008260.0,21.0,742.2,41.3,2.07,34.6,1.9,1.14,686.9,7.2,11.0
1580008320.0,21.0,742.2,41.2,2.08,34.7,1.9,1.15,685.4,7.2,11.0
1580008380.0,21.0,742.2,41.2,2.08,34.7,1.9,1.15,683.5,7.2,10.9
1580008440.0,21.0,742.3,41.1,2.07,34.7,2.2,1.16,686.0,7.2,11.0
1580008500.0,21.0,742.3,41.0,2.03,34.7,1.9,1.16,688.8,7.3,11.1
1580008560.0,21.0,742.3,40.9,2.00,34.7,1.6,1.16,692.5,7.3,11.1
1580008620.0,21.0,742.4,40.8,1.97,34.6,1.8,1.15,693.4,7.3,11.1
1580008680.0,21.0,742.4,40.8,1.96,34.7,1.8,1.15,691.0,7.3,11.1
1580008740.0,21.0,742.4,40.7,1.95,34.6,1.9,1.14,692.6,7.3,11.0
1580008800.0,21.0,742.4,40.7,1.91,34.6,1.8,1.13,693.0,7.3,11.0
1580008860.0,21.0,742.4,40.8,1.88,34.7,1.8,1.13,694.2,7.2,11.0
1580008920.0,21.0,742.4,40.8,1.88,34.7,1.7,1.13,694.9,7.2,10.9
1580008980.0,21.0,742.4,40.8,1.91,34.7,1.7,1.13,693.9,7.2,11.0
1580009040.0,21.0,742.4,40.9,1.95,34.7,1.6,1.13,695.7,7.2,10.9
1580009100.0,21.0,742.3,41.0,2.00,34.8,1.4,1.13,696.2,7.2,10.9
1580009160.0,21.0,742.2,41.1,2.04,34.8,1.2,1.12,697.6,7.2,10.9
1580009220.0,21.0,742.2,41.2,2.09,34.9,1.4,1.12,701.1,7.3,10.9
1580009280.0,21.0,742.2,41.2,2.13,34.9,1.4,1.11,705.1,7.3,10.9
1580009340.0,20.9,742.2,41.3,2.16,34.9,1.3,1.11,705.9,7.3,10.9
1580009400.0,20.9,742.2,41.4,2.20,34.9,1.6,1.10,705.7,7.3,10.9
1580009460.0,20.9,742.2,41.5,2.23,34.9,1.8,1.10,702.3,7.3,11.0
1580009520.0,20.9,742.2,41.6,2.25,35.0,1.6,1.10,699.1,7.3,10.9
1580009580.0,20.9,742.2,41.6,2.28,35.1,1.5,1.10,699.8,7.3,11.0
1580009640.0,20.9,742.2,41.6,2.32,35.1,1.6,1.10,702.8,7.3,10.9
1580009700.0,20.9,742.2,41.6,2.38,35.1,1.4,1.10,708.9,7.3,11.0
1580009760.0,20.9,742.2,41.7,2.46,35.1,1.3,1.10,712.4,7.3,11.0
1580009820.0,20.9,742.2,41.6,2.52,35.2,1.4,1.11,715.1,7.3,11.1
1580009880.0,20.9,742.2,41.6,2.58,35.1,1.5,1.11,714.9,7.3,11.0
1580009940.0,20.9,742.2,41.6,2.64,35.1,1.5,1.10,713.2,7.3,11.1
1580010000.0,20.9,742.2,41.7,2.71,35.1,1.1,1.09,711.0,7.3,11.0
1580010060.0,20.9,742.2,41.7,2.77,35.2,0.9,1.09,707.1,7.3,11.1
1580010120.0,20.9,742.2,41.8,2.83,35.2,1.1,1.09,709.7,7.3,11.1
1580010180.0,20.9,742.2,41.9,2.87,35.2,1.2,1.10,714.8,7.3,11.1
1580010240.0,20.9,742.2,42.0,2.90,35.2,1.5,1.10,718.5,7.3,11.0
1580010300.0,20.9,742.2,42.2,2.94,35.2,1.5,1.10,718.8,7.3,11.0
1580010360.0,20.9,742.2,42.4,2.97,35.2,1.4,1.10,713.8,7.3,11.0
1580010420.0,20.9,742.2,42.4,3.02,35.1,1.4,1.11,715.4,7.3,11.0
1580010480.0,20.9,742.2,42.5,3.07,35.2,1.1,1.12,714.9,7.2,10.9
1580010540.0,20.9,742.2,42.6,3.09,35.2,1.3,1.12,716.5,7.2,10.9
1580010600.0,20.9,742.2,42.6,3.10,35.2,1.5,1.12,714.7,7.2,11.0
1580010660.0,20.9,742.2,42.5,3.09,35.2,1.5,1.12,718.6,7.3,11.0
1580010720.0,20.9,742.2,42.5,3.09,35.2,1.1,1.11,721.2,7.3,11.1
1580010780.0,20.9,742.2,42.5,3.10,35.1,1.1,1.11,722.6,7.3,11.1
1580010840.0,20.8,742.2,42.4,3.08,35.0,1.2,1.11,725.2,7.3,11.1
1580010900.0,20.8,742.2,42.4,3.04,35.0,1.1,1.11,729.0,7.3,11.1
1580010960.0,20.8,742.2,42.3,2.99,35.0,0.9,1.11,733.3,7.3,11.1
1580011020.0,20.9,742.2,42.2,2.97,35.1,1.6,1.12,736.6,7.3,11.1
1580011080.0,20.9,742.2,42.2,2.97,35.1,1.4,1.12,735.2,7.3,11.1
1580011140.0,20.9,742.2,42.2,2.99,35.0,1.0,1.12,NaN,7.3,11.1
1580011200.0,20.9,742.2,42.0,2.97,35.1,1.3,1.11,NaN,7.3,11.1
1580011260.0,20.9,742.2,42.0,2.95,35.1,1.3,1.11,NaN,7.3,11.1
1580011320.0,20.9,742.2,42.0,2.95,35.1,1.9,1.10,NaN,7.3,11.0
1580011380.0,20.9,742.2,42.0,2.95,35.0,1.6,1.11,NaN,7.3,11.0
1580011440.0,20.9,742.3,42.0,2.97,35.0,1.1,1.10,NaN,7.3,11.0
1580011500.0,20.9,742.2,42.0,3.00,34.9,1.1,1.10,NaN,7.3,11.0
1580011560.0,20.9,742.2,42.1,3.01,34.9,1.0,1.10,NaN,7.3,11.0
1580011620.0,20.9,742.2,42.1,3.03,34.8,1.0,1.10,NaN,7.3,11.0
1580011680.0,20.9,742.2,42.1,3.10,34.7,1.3,1.10,NaN,7.3,11.1
1580011740.0,20.9,742.2,42.2,3.15,34.6,1.3,1.11,NaN,7.3,11.2
1580011800.0,20.9,742.3,42.1,3.19,34.6,1.4,1.11,NaN,7.4,11.2
1580011860.0,20.9,742.3,42.1,3.24,34.5,1.4,1.11,NaN,7.4,11.2
1580011920.0,20.9,742.3,42.1,3.25,34.4,1.2,1.11,732.5,7.4,11.2
1580011980.0,20.9,742.3,42.0,3.25,34.0,1.2,1.12,733.4,7.4,11.2
1580012040.0,20.9,742.4,41.9,3.24,33.6,1.4,1.12,734.7,7.3,11.2
1580012100.0,20.9,742.4,41.9,3.23,33.9,1.8,1.12,735.9,7.3,11.1
1580012160.0,21.0,742.4,41.7,3.21,34.1,1.7,1.13,736.9,7.3,11.1
1580012220.0,21.0,742.4,41.5,3.21,34.4,1.7,1.13,734.0,7.3,11.1
1580012280.0,21.0,742.4,41.4,3.23,34.4,1.6,1.13,734.2,7.3,11.0
1580012340.0,21.1,742.4,41.1,3.25,34.4,1.5,1.13,733.0,7.2,11.0
1580012400.0,21.1,742.4,40.8,3.28,34.3,1.3,1.13,733.0,7.2,10.9
1580012460.0,21.1,742.4,40.7,3.29,34.1,1.5,1.14,733.6,7.2,10.8
1580012520.0,21.1,742.4,40.6,3.28,33.8,1.7,1.14,734.5,7.2,10.8
1580012580.0,21.2,742.4,40.4,3.26,33.7,1.5,1.14,733.9,7.2,10.8
1580012640.0,21.2,742.5,40.3,3.25,33.7,1.4,1.14,730.7,7.3,10.9
1580012700.0,21.2,742.5,40.2,3.19,33.6,1.7,1.14,728.7,7.3,10.9
1580012760.0,21.2,742.4,40.2,3.12,33.6,1.2,1.14,725.6,7.3,10.9
1580012820.0,21.2,742.3,40.3,3.04,33.6,1.1,1.14,726.4,7.4,10.9
1580012880.0,21.2,742.3,40.3,2.97,33.5,1.0,1.15,723.2,7.3,10.9
1580012940.0,21.2,742.4,40.3,2.91,33.5,1.1,1.15,721.2,7.4,10.9
1580013000.0,21.2,742.4,40.2,2.86,33.4,1.1,1.14,719.6,7.4,11.0
1580013060.0,21.2,742.4,40.2,2.82,33.4,1.3,1.13,718.6,7.4,11.0
1580013120.0,21.2,742.4,40.1,2.77,33.3,1.6,1.14,719.9,7.5,11.0
1580013180.0,21.2,742.4,40.0,2.74,33.3,1.4,1.14,720.2,7.5,11.0
1580013240.0,21.1,742.4,39.9,2.71,33.2,1.5,1.14,718.6,7.5,11.0
1580013300.0,21.1,742.3,40.0,2.67,33.2,1.5,1.13,718.9,7.4,11.0
1580013360.0,21.1,742.3,39.9,2.64,33.1,1.0,1.14,715.9,7.4,11.0
1580013420.0,21.1,742.4,39.9,2.63,33.1,1.1,1.14,715.8,7.5,11.0
1580013480.0,21.1,742.4,39.8,2.61,33.1,1.3,1.14,713.4,7.5,11.0
1580013540.0,21.1,742.4,39.8,2.60,33.1,1.5,1.13,714.7,7.5,11.0
1580013600.0,21.1,742.4,39.8,2.59,33.0,1.7,1.13,717.6,7.5,11.1
1580013660.0,21.1,742.4,39.8,2.60,33.0,1.7,1.14,717.7,7.6,11.1
1580013720.0,21.0,742.4,39.7,2.61,32.9,1.2,1.14,719.1,7.6,11.1
1580013780.0,21.0,742.4,39.6,2.62,32.9,1.0,1.14,717.4,7.6,11.2
1580013840.0,21.0,742.5,39.5,2.61,32.9,1.4,1.14,713.8,7.6,11.2
1580013900.0,21.0,742.5,39.5,2.60,32.8,1.4,1.14,708.8,7.6,11.2
1580013960.0,21.0,742.6,39.4,2.61,32.8,1.1,1.14,705.9,7.7,11.2
1580014020.0,21.0,742.6,39.3,2.59,32.9,1.1,1.14,702.6,7.7,11.2
1580014080.0,21.0,742.6,39.3,2.59,32.8,1.2,1.14,702.8,7.7,11.2
1580014140.0,21.0,742.6,39.2,2.58,32.7,1.2,1.14,704.3,7.7,11.2
1580014200.0,21.0,742.6,39.1,2.58,32.7,1.3,1.15,706.9,7.7,11.2
1580014260.0,21.0,742.6,39.0,2.60,32.7,1.1,1.15,706.6,7.7,11.2
1580014320.0,21.0,742.6,38.9,2.64,32.7,1.2,1.15,707.8,7.6,11.1
1580014380.0,21.0,742.6,38.9,2.63,32.7,1.3,1.15,706.1,7.7,11.1
1580014440.0,20.9,742.6,38.9,2.62,32.6,1.0,1.14,706.5,7.6,11.1
1580014500.0,20.9,742.6,38.8,2.63,32.3,0.8,1.14,703.3,7.6,11.1
1580014560.0,20.9,742.6,38.8,2.61,32.2,0.9,1.14,702.8,7.6,11.1
1580014620.0,20.9,742.6,38.8,2.60,32.2,0.8,1.13,703.4,7.6,11.1
1580014680.0,20.9,742.7,38.8,2.58,32.2,1.2,1.13,706.0,7.6,11.1
1580014740.0,20.9,742.7,38.8,2.54,32.1,1.3,1.12,710.2,7.6,11.1
1580014800.0,20.9,742.7,38.8,2.50,32.1,0.9,1.12,712.9,7.6,11.1
1580014860.0,20.9,742.6,38.8,2.50,32.1,1.3,1.11,714.1,7.6,11.1
1580014920.0,20.9,742.7,38.7,2.50,32.1,1.0,1.11,715.4,7.6,11.1
1580014980.0,20.9,742.7,38.7,2.48,32.0,0.4,1.10,710.4,7.6,11.0
1580015040.0,20.9,742.6,38.6,2.48,32.0,0.6,1.09,711.4,7.6,11.1
1580015100.0,20.9,742.7,38.6,2.47,31.9,1.2,1.08,708.2,7.6,11.1
1580015160.0,20.9,742.7,38.6,2.46,32.0,1.3,1.08,703.9,7.6,11.0
1580015220.0,20.9,742.7,38.5,2.48,31.9,1.3,1.08,701.2,7.5,11.0
1580015280.0,20.9,742.7,38.4,2.49,31.8,1.1,1.07,698.2,7.5,11.0
1580015340.0,20.9,742.8,38.4,2.49,31.8,1.0,1.08,695.6,7.5,11.1
1580015400.0,20.9,742.8,38.4,2.49,31.8,0.8,1.08,691.3,7.5,11.0
1580015460.0,20.9,742.8,38.4,2.50,31.8,1.2,1.08,690.7,7.5,11.0
1580015520.0,20.9,742.8,38.3,2.48,31.6,1.6,1.09,694.4,7.5,11.0
1580015580.0,20.9,742.9,38.2,2.51,31.6,1.5,1.09,697.3,7.5,11.0
1580015640.0,20.9,742.8,38.1,2.52,31.5,1.4,1.09,697.5,7.5,10.9
1580015700.0,20.9,742.8,38.2,2.51,31.4,1.4,1.09,693.9,7.5,10.9
1580015760.0,20.9,742.8,38.2,2.51,31.4,0.9,1.09,692.8,7.5,10.9
1580015820.0,20.9,742.8,38.1,2.52,31.3,0.8,1.10,695.1,7.5,10.9
1580015880.0,20.8,742.8,38.0,2.52,31.1,1.0,1.09,694.7,7.5,10.9
1580015940.0,20.8,742.8,37.9,2.53,31.1,1.2,1.08,695.6,7.5,10.9
1580016000.0,20.8,742.8,37.8,2.57,30.9,1.5,1.09,693.2,7.4,10.9
1580016060.0,20.8,742.8,37.7,2.54,30.8,1.8,1.09,690.9,7.4,10.8
1580016120.0,20.8,742.9,37.5,2.52,30.7,1.5,1.09,689.0,7.4,10.8
1580016180.0,20.8,743.0,37.3,2.51,30.5,1.3,1.09,684.2,7.4,10.8
1580016240.0,20.8,743.0,37.1,2.49,30.4,1.4,1.09,681.3,7.4,10.9
1580016300.0,20.8,743.0,36.9,2.48,30.2,1.4,1.10,675.4,7.4,10.9
1580016360.0,20.9,743.0,36.7,2.43,29.9,1.3,1.10,674.7,7.3,10.8
1580016420.0,20.9,743.0,36.6,2.40,29.5,1.4,1.11,672.5,7.2,10.7
1580016480.0,20.9,743.0,36.4,2.37,29.3,1.4,1.11,671.4,7.2,10.6
1580016540.0,20.9,743.0,36.2,2.36,29.5,1.3,1.11,671.4,7.1,10.5
1580016600.0,21.0,743.0,36.1,2.34,29.6,1.6,1.11,669.0,7.0,10.4
1580016660.0,21.0,743.0,36.0,2.32,29.5,1.6,1.11,668.6,7.0,10.4
1580016720.0,21.0,742.9,35.8,2.31,29.3,1.8,1.12,661.5,7.0,10.4
1580016780.0,21.1,742.9,35.6,2.30,29.2,1.7,1.12,658.8,7.0,10.3
1580016840.0,21.1,742.8,35.5,2.33,29.1,1.9,1.12,657.3,6.9,10.2
1580016900.0,21.1,742.8,35.3,2.36,29.1,1.7,1.13,655.7,6.9,10.2
1580016960.0,21.2,742.8,35.2,2.38,29.0,1.3,1.13,656.6,6.9,10.2
1580017020.0,21.2,742.9,35.1,2.40,29.1,1.7,1.14,653.0,6.9,10.2
1580017080.0,21.2,742.9,34.9,2.42,29.1,2.0,1.14,650.2,6.9,10.2
1580017140.0,21.2,742.9,34.9,2.44,28.9,2.2,1.14,650.4,6.9,10.2
1580017200.0,21.2,742.9,34.8,2.44,28.7,2.4,1.14,647.4,7.0,10.2
1580017260.0,21.2,742.9,34.6,2.39,28.4,2.2,1.13,645.9,7.0,10.2
1580017320.0,21.2,742.9,34.4,2.33,28.1,2.2,1.12,637.4,6.9,10.1
1580017380.0,21.2,743.0,34.2,2.26,27.8,2.3,1.12,628.3,6.9,10.1
1580017440.0,21.2,743.0,33.9,2.17,27.6,2.8,1.11,617.9,6.9,10.0
1580017500.0,21.2,743.0,33.6,2.07,27.5,2.9,1.12,612.6,6.9,10.0
1580017560.0,21.2,743.0,33.2,1.98,27.3,2.7,1.12,612.9,6.9,10.0
1580017620.0,21.1,743.0,32.9,1.86,27.1,3.0,1.12,611.7,6.9,9.9
1580017680.0,21.1,743.0,32.5,1.78,27.0,3.2,1.12,612.2,6.9,10.0
1580017740.0,21.1,743.0,32.3,1.72,26.9,2.9,1.13,612.2,6.9,10.0
1580017800.0,21.1,743.0,32.1,1.68,26.8,2.8,1.13,613.7,6.9,10.1
1580017860.0,21.1,743.0,31.9,1.64,26.7,2.7,1.12,613.0,6.9,10.1
1580017920.0,21.1,742.9,31.7,1.63,26.5,3.0,1.12,612.4,6.9,10.1
1580017980.0,21.1,743.0,31.5,1.61,26.5,3.1,1.12,608.5,6.9,10.1
1580018040.0,21.1,743.0,31.3,1.60,26.4,3.1,1.12,606.6,6.9,10.1
1580018100.0,21.1,742.9,31.2,1.60,26.4,2.7,1.11,608.4,6.9,10.1
1580018160.0,21.0,743.0,31.0,1.59,26.0,2.5,1.11,606.7,6.8,10.1
1580018220.0,21.0,743.0,30.9,1.60,26.0,2.7,1.12,610.3,6.8,10.1
1580018280.0,21.0,743.0,30.9,1.58,26.0,2.8,1.11,607.0,6.8,10.1
1580018340.0,21.0,743.0,30.9,1.58,25.9,2.5,1.11,NaN,6.8,10.0
1580018400.0,21.0,743.0,30.9,1.56,25.9,2.2,1.10,NaN,6.7,9.9
1580018460.0,21.0,743.1,30.9,1.57,25.7,2.5,1.10,NaN,6.7,9.8
1580018520.0,21.0,743.0,30.8,1.57,25.4,2.7,1.10,NaN,6.7,9.8
1580018580.0,21.0,743.1,30.7,1.56,25.1,3.1,1.09,NaN,6.7,9.8
1580018640.0,21.0,743.1,30.6,1.56,24.8,3.0,1.08,NaN,6.6,9.8
1580018700.0,21.0,743.1,30.4,1.54,24.5,3.2,1.07,NaN,6.6,9.6
1580018760.0,20.9,743.1,30.0,1.51,24.2,3.4,1.08,NaN,6.5,9.6
1580018820.0,20.9,743.1,29.7,1.46,24.0,3.4,1.07,NaN,6.5,9.5
1580018880.0,20.9,743.1,29.3,1.41,23.6,3.6,1.08,NaN,6.4,9.4
1580018940.0,20.9,743.2,28.8,1.36,23.3,4.2,1.08,NaN,6.4,9.4
1580019000.0,20.9,743.2,28.5,1.33,23.0,4.4,1.08,NaN,6.3,9.4
1580019060.0,20.9,743.2,28.1,1.28,22.7,4.5,1.07,NaN,6.3,9.3
1580019120.0,20.9,743.2,27.7,1.22,22.4,5.0,1.07,587.4,6.3,9.3
1580019180.0,20.9,743.2,27.2,1.16,22.2,4.9,1.07,568.5,6.2,9.2
1580019240.0,20.9,743.2,26.9,1.12,21.9,4.8,1.07,549.2,6.1,9.1
1580019300.0,20.9,743.2,26.6,1.09,21.8,5.0,1.07,537.9,6.1,9.1
1580019360.0,20.9,743.2,26.4,1.06,21.6,5.2,1.08,534.1,6.1,9.1
1580019420.0,20.9,743.3,26.1,1.03,21.5,4.9,1.07,530.4,6.1,9.1
1580019480.0,20.9,743.3,25.8,0.97,21.4,4.8,1.06,530.5,6.0,9.0
1580019540.0,20.9,743.4,25.6,0.94,21.3,5.0,1.06,529.9,6.0,9.0
1580019600.0,20.9,743.4,25.4,0.93,21.2,5.3,1.06,531.2,6.0,9.0
1580019660.0,20.9,743.4,25.3,0.92,21.1,5.3,1.07,528.1,6.0,8.9
1580019720.0,20.9,743.4,25.1,0.92,21.0,5.1,1.07,523.9,6.0,8.9
1580019780.0,20.9,743.4,25.0,0.89,20.9,5.0,1.08,521.0,5.9,8.9
1580019840.0,20.9,743.4,24.9,0.87,20.8,4.9,1.08,522.9,5.9,8.8
1580019900.0,20.9,743.4,24.8,0.88,20.7,5.0,1.08,525.1,5.9,8.8
1580019960.0,20.9,743.4,24.7,0.87,20.6,4.9,1.07,526.1,5.9,8.8
1580020020.0,20.9,743.4,24.6,0.88,20.6,4.8,1.07,525.2,5.9,8.8
1580020080.0,20.9,743.5,24.5,0.85,20.4,5.1,1.07,520.1,5.9,8.8
1580020140.0,20.9,743.5,24.4,0.81,20.3,5.7,1.07,516.5,5.9,8.8
1580020200.0,20.9,743.4,24.2,0.80,20.2,5.6,1.06,511.7,5.8,8.8
1580020260.0,20.9,743.4,24.1,0.80,20.1,5.3,1.06,509.9,5.8,8.8
1580020320.0,20.9,743.4,23.9,0.79,20.0,5.4,1.05,512.5,5.8,8.8
1580020380.0,20.9,743.5,23.8,0.78,19.9,5.1,1.05,516.0,5.8,8.8
1580020440.0,20.9,743.5,23.7,0.78,19.8,5.1,1.05,515.1,5.8,8.8
1580020500.0,20.9,743.5,23.6,0.79,19.7,5.0,1.05,514.3,5.8,8.9
1580020560.0,20.8,743.5,23.4,0.80,19.6,5.0,1.04,512.2,5.9,8.9
1580020620.0,20.8,743.5,23.2,0.80,19.5,5.2,1.04,512.0,5.9,8.9
1580020680.0,20.8,743.5,23.2,0.79,19.5,5.3,1.03,512.0,5.9,8.9
1580020740.0,20.8,743.5,23.1,0.79,19.4,5.0,1.02,508.3,5.9,8.9
1580020800.0,20.8,743.5,23.1,0.78,19.3,5.4,1.02,506.1,5.9,9.0
1580020860.0,20.8,743.6,23.0,0.77,19.2,5.6,1.01,502.3,5.9,9.0
1580020920.0,20.8,743.4,22.9,0.76,19.2,5.6,1.01,502.9,5.9,9.0
1580020980.0,20.8,743.4,22.8,0.74,19.1,5.6,1.02,502.8,6.0,9.0
1580021040.0,20.8,743.3,22.8,0.74,19.0,5.1,1.02,504.0,6.0,9.1
1580021100.0,20.8,743.3,22.7,0.73,18.9,5.3,1.03,500.3,6.0,9.0
1580021160.0,20.8,743.4,22.6,0.73,18.7,6.1,1.03,500.5,6.0,9.0
1580021220.0,20.8,743.3,22.5,0.74,18.6,5.9,1.04,497.3,6.0,9.0
1580021280.0,20.8,743.3,22.4,0.76,18.5,6.1,1.05,496.6,6.0,9.1
1580021340.0,20.8,743.3,22.3,0.75,18.5,6.3,1.06,499.2,6.1,9.2
1580021400.0,20.8,743.3,22.2,0.76,18.4,6.1,1.07,498.8,6.1,9.2
1580021460.0,20.8,743.3,22.1,0.76,18.3,5.9,1.07,496.7,6.1,9.3
1580021520.0,20.8,743.3,22.1,0.75,18.2,5.8,1.07,496.4,6.1,9.3
1580021580.0,20.8,743.3,21.9,0.77,18.1,6.0,1.07,492.3,6.2,9.4
1580021640.0,20.8,743.3,21.8,0.76,18.1,6.3,1.07,489.5,6.2,9.5
1580021700.0,20.8,743.3,21.8,0.74,18.0,6.6,1.07,486.1,6.2,9.6
1580021760.0,20.8,743.3,21.6,0.73,18.0,6.4,1.07,483.4,6.2,9.7
1580021820.0,20.8,743.2,21.5,0.72,17.6,6.2,1.07,480.1,6.2,9.7
1580021880.0,20.8,743.3,21.4,0.71,17.5,6.5,1.07,478.2,6.2,9.7
1580021940.0,20.8,743.2,21.3,0.71,17.4,6.6,1.07,476.0,6.2,9.6
1580022000.0,20.8,743.2,21.2,0.71,17.3,6.5,1.07,476.5,6.2,9.6
1580022060.0,20.8,743.2,21.1,0.70,17.2,6.4,1.07,475.8,6.1,9.5
1580022120.0,20.8,743.2,21.0,0.69,17.1,6.4,1.06,475.9,6.1,9.5
1580022180.0,20.8,743.2,20.9,0.68,17.1,6.5,1.06,474.0,6.1,9.5
1580022240.0,20.8,743.2,20.9,0.67,17.0,6.5,1.06,471.1,6.1,9.5
1580022300.0,20.8,743.2,20.8,0.67,16.9,6.0,1.05,466.1,6.1,9.4
1580022360.0,20.8,743.2,20.7,0.65,16.9,5.8,1.05,465.0,6.0,9.4
1580022420.0,20.8,743.2,20.6,0.64,16.9,6.0,1.05,464.1,6.0,9.4
1580022480.0,20.7,743.2,20.5,0.63,16.8,6.5,1.06,467.0,6.0,9.4
1580022540.0,20.7,743.2,20.4,0.62,16.7,6.5,1.06,466.6,6.0,9.4
1580022600.0,20.7,743.2,20.3,0.61,16.7,6.6,1.06,462.1,6.1,9.5
1580022660.0,20.7,743.2,20.3,0.60,16.6,6.8,1.07,460.3,6.1,9.5
1580022720.0,20.7,743.2,20.2,0.59,16.6,6.8,1.07,459.4,6.1,9.6
1580022780.0,20.7,743.2,20.1,0.59,16.6,6.5,1.07,461.2,6.1,9.5
1580022840.0,20.7,743.5,20.1,0.59,16.5,6.8,1.07,462.2,6.0,9.4
1580022900.0,20.7,743.3,20.0,0.61,16.5,6.9,1.08,464.7,6.0,9.4
1580022960.0,20.7,743.3,20.0,0.63,16.5,6.6,1.08,468.4,6.0,9.4
1580023020.0,20.7,743.3,20.1,0.63,16.5,6.3,1.08,469.7,6.0,9.3
1580023080.0,20.7,743.3,20.0,0.64,16.5,5.9,1.08,468.1,6.0,9.3
1580023140.0,20.7,743.4,20.0,0.66,16.4,6.0,1.08,465.4,6.0,9.3
1580023200.0,20.7,743.4,20.1,0.66,16.4,6.1,1.09,465.4,6.1,9.4
1580023260.0,20.7,743.4,20.0,0.67,16.4,6.2,1.10,466.4,6.1,9.4
1580023320.0,20.7,743.4,20.1,0.66,16.4,6.4,1.10,463.4,6.0,9.3
1580023380.0,20.7,743.4,20.0,0.66,16.3,6.2,1.10,457.1,6.0,9.2
1580023440.0,20.7,743.4,20.0,0.65,16.3,6.5,1.09,452.5,6.0,9.3
1580023500.0,20.7,743.4,20.0,0.64,16.3,6.8,1.09,447.0,6.1,9.3
1580023560.0,20.7,743.4,19.9,0.64,16.3,6.7,1.09,446.9,6.1,9.4
1580023620.0,20.7,743.4,19.9,0.63,16.2,6.7,1.08,444.3,6.1,9.4
1580023680.0,20.7,743.4,19.9,0.63,16.3,6.6,1.08,441.8,6.1,9.5
1580023740.0,20.8,743.3,19.9,0.63,16.3,6.6,1.07,445.3,6.2,9.6
1580023800.0,20.8,743.4,19.9,0.65,16.3,6.5,1.07,446.3,6.2,9.6
1580023860.0,20.8,743.3,20.0,0.65,16.3,6.2,1.07,447.4,6.1,9.5
1580023920.0,20.8,743.3,20.0,0.65,16.2,6.3,1.07,445.1,6.1,9.5
1580023980.0,20.8,743.3,19.9,0.66,16.1,6.5,1.07,443.8,6.2,9.6
1580024040.0,20.8,743.4,19.9,0.66,16.1,6.7,1.06,443.0,6.2,9.7
1580024100.0,20.8,743.4,19.8,0.66,16.1,6.9,1.06,442.7,6.2,9.7
1580024160.0,20.8,743.4,19.8,0.66,16.0,6.9,1.06,439.9,6.2,9.8
1580024220.0,20.8,743.3,19.7,0.64,15.9,6.8,1.05,438.2,6.2,9.8
1580024280.0,20.8,743.4,19.6,0.63,15.9,6.8,1.04,435.8,6.2,9.8
1580024340.0,20.8,743.3,19.5,0.63,15.7,6.7,1.03,437.0,6.2,9.8
1580024400.0,20.8,743.3,19.5,0.63,15.6,6.6,1.02,438.4,6.2,9.8
1580024460.0,20.8,743.2,19.5,0.62,15.6,6.5,1.02,437.9,6.1,9.7
1580024520.0,20.8,743.2,19.5,0.63,15.6,6.2,1.03,436.9,6.1,9.6
1580024580.0,20.9,743.2,19.4,0.64,15.6,6.2,1.03,436.5,6.0,9.6
1580024640.0,20.9,743.2,19.3,0.65,15.4,7.0,1.02,437.6,6.0,9.6
1580024700.0,21.0,743.2,19.2,0.68,15.3,7.3,1.02,437.0,5.9,9.5
1580024760.0,21.0,743.2,19.1,0.73,15.2,7.3,1.02,433.1,5.9,9.4
1580024820.0,21.0,743.2,18.9,0.78,15.2,7.0,1.02,428.3,5.9,9.4
1580024880.0,21.1,743.2,18.8,0.81,15.0,7.0,1.01,423.6,5.8,9.3
1580024940.0,21.1,743.2,18.6,0.82,15.0,7.0,1.01,415.8,5.8,9.2
1580025000.0,21.1,743.2,18.6,0.80,14.9,7.4,1.01,415.2,5.8,9.2
1580025060.0,21.1,743.2,18.4,0.79,14.9,7.7,1.01,412.1,5.8,9.2
1580025120.0,21.1,743.1,18.4,0.78,14.8,7.4,1.01,409.8,5.8,9.3
1580025180.0,21.1,743.2,18.3,0.76,14.8,7.2,1.02,411.1,5.9,9.4
1580025240.0,21.1,743.1,18.2,0.70,14.8,7.6,1.02,411.1,6.0,9.5
1580025300.0,21.1,743.1,18.2,0.64,14.7,7.6,1.03,415.4,5.9,9.4
1580025360.0,21.1,743.1,18.1,0.63,14.7,7.5,1.04,417.0,6.0,9.4
1580025420.0,21.1,743.1,18.1,0.63,14.7,7.4,1.04,413.9,6.0,9.5
1580025480.0,21.1,743.1,18.1,0.63,14.6,7.4,1.04,417.9,6.0,9.5
1580025540.0,21.1,743.0,18.1,0.62,14.5,7.6,1.05,NaN,6.0,9.5
1580025600.0,21.1,743.0,18.0,0.62,14.5,7.3,1.06,NaN,6.0,9.5
1580025660.0,21.1,743.0,18.0,0.60,14.5,7.0,1.06,NaN,6.0,9.5
1580025720.0,21.0,743.0,18.0,0.61,14.6,6.7,1.07,NaN,6.0,9.5
1580025780.0,21.0,743.0,18.0,0.61,14.6,6.9,1.08,NaN,6.0,9.4
1580025840.0,21.0,743.0,18.1,0.61,14.6,7.1,1.08,NaN,6.0,9.4
1580025900.0,21.0,743.0,18.1,0.61,14.5,7.2,1.08,NaN,6.0,9.4
1580025960.0,21.0,742.9,18.1,0.60,14.5,7.4,1.08,NaN,6.0,9.4
1580026020.0,21.0,742.9,18.1,0.60,14.5,7.2,1.09,NaN,6.0,9.3
1580026080.0,21.0,743.0,18.2,0.59,14.4,7.3,1.09,NaN,6.0,9.4
1580026140.0,21.0,743.0,18.1,0.59,14.5,7.3,1.09,NaN,6.0,9.4
1580026200.0,21.0,743.0,18.1,0.59,14.5,7.5,1.09,NaN,6.0,9.4
1580026260.0,20.9,743.0,18.1,0.58,14.5,7.2,1.09,NaN,6.0,9.4
1580026320.0,20.9,743.0,18.0,0.56,14.5,7.0,1.09,417.4,6.0,9.4
1580026380.0,20.9,743.0,18.0,0.56,14.5,7.1,1.08,413.9,6.0,9.4
1580026440.0,20.9,743.0,18.0,0.59,14.4,7.0,1.08,411.5,5.9,9.4
1580026500.0,20.9,743.0,17.9,0.60,14.4,7.0,1.09,411.5,6.0,9.4
1580026560.0,20.9,743.0,17.9,0.60,14.5,7.1,1.09,413.1,5.9,9.4
1580026620.0,20.9,743.0,17.9,0.60,14.5,6.9,1.09,415.4,6.0,9.5
1580026680.0,20.9,743.2,18.0,0.60,14.5,6.7,1.09,419.0,6.0,9.5
1580026740.0,20.9,743.2,18.0,0.60,14.6,6.8,1.09,421.7,6.0,9.5
1580026800.0,20.9,743.2,18.0,0.61,14.6,6.7,1.09,420.9,6.0,9.5
1580026860.0,20.9,743.2,18.0,0.61,14.6,6.4,1.09,418.9,6.0,9.5
1580026920.0,20.9,743.3,18.1,0.58,14.6,6.3,1.08,418.8,6.0,9.5
1580026980.0,20.9,743.3,18.2,0.57,14.6,6.4,1.08,420.5,6.0,9.5
1580027040.0,20.8,743.3,18.2,0.57,14.7,6.5,1.07,423.1,6.0,9.5
1580027100.0,20.8,743.3,18.2,0.57,14.7,6.4,1.06,426.7,6.0,9.5
1580027160.0,20.8,743.3,18.2,0.57,14.7,6.4,1.06,424.4,6.0,9.4
1580027220.0,20.8,743.3,18.2,0.55,14.8,6.7,1.06,425.2,6.0,9.4
1580027280.0,20.8,743.3,18.3,0.54,14.9,6.1,1.07,426.2,6.0,9.4
1580027340.0,20.8,743.3,18.3,0.54,14.9,6.0,1.07,427.3,6.0,9.4
1580027400.0,20.8,743.3,18.4,0.55,14.9,6.2,1.06,428.9,6.0,9.4
1580027460.0,20.8,743.3,18.4,0.56,14.9,6.0,1.05,430.5,6.0,9.4
1580027520.0,20.8,743.3,18.4,0.57,15.1,6.0,1.04,432.4,6.0,9.4
1580027580.0,20.8,743.3,18.5,0.57,15.2,6.1,1.03,433.0,6.0,9.5
1580027640.0,20.8,743.3,18.5,0.57,15.2,5.9,1.03,434.5,6.1,9.5
1580027700.0,20.8,743.3,18.6,0.58,15.2,5.8,1.03,435.2,6.1,9.5
1580027760.0,20.8,743.4,18.7,0.59,15.2,5.7,1.03,435.7,6.1,9.5
1580027820.0,20.8,743.3,18.8,0.59,15.2,5.9,1.03,436.3,6.1,9.6
1580027880.0,20.8,743.3,18.8,0.60,15.3,5.8,1.04,431.8,6.1,9.7
1580027940.0,20.8,743.3,18.9,0.61,15.3,5.3,1.04,433.2,6.2,9.7
1580028000.0,20.8,743.4,19.0,0.62,15.5,5.4,1.04,436.1,6.2,9.8
1580028060.0,20.8,743.4,19.1,0.64,15.6,5.6,1.03,439.0,6.2,9.8
1580028120.0,20.8,743.2,19.2,0.65,15.8,5.4,1.04,444.7,6.2,9.8
1580028180.0,20.8,743.2,19.3,0.67,16.1,5.1,1.04,450.3,6.2,9.8
1580028240.0,20.8,743.2,19.4,0.69,16.4,4.9,1.03,456.6,6.2,9.8
1580028300.0,20.8,743.2,19.6,0.70,16.7,4.8,1.03,464.7,6.2,9.8
1580028360.0,20.8,743.2,19.8,0.70,17.0,4.8,1.03,468.5,6.2,9.8
1580028420.0,20.8,743.2,20.1,0.72,17.2,4.8,1.03,473.5,6.3,9.9
1580028480.0,20.8,743.2,20.3,0.72,17.5,4.3,1.03,476.1,6.3,10.0
1580028540.0,20.8,743.2,20.6,0.72,17.8,3.9,1.03,479.4,6.3,9.9
1580028600.0,20.8,743.2,20.9,0.71,18.1,3.7,1.03,481.7,6.3,9.9
1580028660.0,20.8,743.2,21.2,0.72,18.3,3.4,1.03,487.0,6.3,9.8
1580028720.0,20.8,743.1,21.6,0.74,18.6,3.6,1.02,491.6,6.3,9.8
1580028780.0,20.8,743.1,21.9,0.75,18.6,4.0,1.02,495.8,6.3,9.8
1580028840.0,20.8,743.1,22.2,0.75,18.7,4.1,1.00,496.1,6.3,9.8
1580028900.0,20.8,743.1,22.4,0.76,18.8,3.6,1.00,498.3,6.3,9.8
1580028960.0,20.8,743.1,22.7,0.77,18.8,3.6,1.01,500.8,6.3,9.8
1580029020.0,20.8,743.1,22.8,0.80,18.8,3.9,1.01,505.1,6.3,9.8
1580029080.0,20.8,743.1,22.9,0.83,18.8,3.7,1.01,506.1,6.3,9.7
1580029140.0,20.7,743.1,23.0,0.84,18.6,3.9,1.02,507.3,6.2,9.7
1580029200.0,20.7,743.1,23.0,0.82,18.5,3.8,1.02,507.1,6.2,9.7
1580029260.0,20.7,743.0,22.9,0.83,18.4,3.8,1.03,506.0,6.2,9.7
1580029320.0,20.7,743.0,22.8,0.84,18.4,4.2,1.03,502.0,6.3,9.7
1580029380.0,20.7,743.0,22.7,0.84,18.4,3.8,1.03,500.9,6.3,9.7
1580029440.0,20.7,743.0,22.6,0.82,18.4,4.0,1.03,501.4,6.3,9.7
1580029500.0,20.7,743.0,22.6,0.81,18.4,4.1,1.03,501.5,6.3,9.8
1580029560.0,20.7,743.0,22.6,0.81,18.4,3.9,1.03,500.0,6.3,9.7
1580029620.0,20.7,743.0,22.5,0.82,18.2,4.1,1.03,494.3,6.3,9.8
1580029680.0,20.7,743.0,22.3,0.83,18.0,4.5,1.03,493.1,6.3,9.8
1580029740.0,20.7,743.0,22.2,0.83,17.7,4.7,1.03,488.3,6.3,9.8
1580029800.0,20.7,743.0,22.1,0.84,17.4,4.6,1.04,484.4,6.3,9.8
1580029860.0,20.7,743.0,21.9,0.84,17.1,4.8,1.03,479.6,6.3,9.8
1580029920.0,20.7,743.1,21.7,0.85,16.9,5.3,1.03,474.7,6.3,9.8
1580029980.0,20.7,743.2,21.4,0.83,16.6,5.7,1.03,472.9,6.3,9.9
1580030040.0,20.7,743.2,21.1,0.81,16.4,5.5,1.03,471.3,6.3,9.9
1580030100.0,20.7,743.2,20.7,0.79,16.1,5.9,1.03,470.4,6.3,9.9
1580030160.0,20.7,743.2,20.4,0.77,15.9,5.7,1.03,468.2,6.2,9.9
1580030220.0,20.7,743.2,20.1,0.74,15.7,5.7,1.03,465.6,6.2,9.8
1580030280.0,20.7,743.2,19.8,0.71,15.5,5.9,1.03,462.5,6.1,9.8
1580030340.0,20.7,743.2,19.6,0.69,15.4,5.9,1.03,457.6,6.2,9.8
1580030400.0,20.7,743.2,19.4,0.68,15.2,6.2,1.04,453.4,6.1,9.8
1580030460.0,20.7,743.2,19.2,0.67,15.0,6.2,1.04,449.2,6.1,9.8
1580030520.0,20.7,743.2,19.0,0.67,14.8,6.1,1.04,446.8,6.2,9.9
1580030580.0,20.7,743.2,18.8,0.67,14.7,6.1,1.04,448.5,6.2,10.0
1580030640.0,20.7,743.2,18.6,0.67,14.4,6.1,1.05,447.2,6.2,9.9
1580030700.0,20.7,743.2,18.4,0.67,14.3,6.6,1.05,444.6,6.2,9.9
1580030760.0,20.7,743.3,18.2,0.66,14.2,6.7,1.05,438.6,6.2,9.9
1580030820.0,20.7,743.2,18.0,0.67,14.0,6.8,1.06,432.7,6.3,10.0
1580030880.0,20.8,743.2,17.7,0.65,13.9,6.9,1.06,430.4,6.3,10.0
1580030940.0,20.8,743.3,17.6,0.64,13.8,6.5,1.06,430.8,6.3,10.0
1580031000.0,20.8,743.3,17.5,0.63,13.6,6.3,1.06,430.7,6.3,10.0
1580031060.0,20.8,743.2,17.4,0.61,13.3,6.9,1.06,425.4,6.2,10.0
1580031120.0,20.9,743.2,17.3,0.59,13.2,7.0,1.05,421.6,6.2,10.0
1580031180.0,20.9,743.2,17.2,0.58,13.1,6.7,1.06,417.3,6.2,10.0
1580031240.0,20.9,743.2,17.1,0.59,13.0,6.8,1.06,414.8,6.2,9.9
1580031300.0,20.9,743.2,17.0,0.59,12.7,6.9,1.06,412.4,6.2,10.0
1580031360.0,21.0,743.2,16.8,0.59,12.6,7.0,1.06,409.3,6.2,10.0
1580031420.0,21.0,743.2,16.6,0.60,12.4,7.5,1.06,406.6,6.2,10.0
1580031480.0,21.0,743.2,16.5,0.60,12.3,7.6,1.06,401.7,6.2,10.0
1580031540.0,21.0,743.2,16.3,0.61,12.2,7.2,1.07,398.3,6.2,10.0
1580031600.0,21.0,743.2,16.1,0.63,12.1,6.9,1.07,397.0,6.2,10.1
1580031660.0,21.0,743.2,15.9,0.63,12.0,7.1,1.08,397.6,6.2,10.1
1580031720.0,21.0,743.2,15.7,0.62,11.9,7.3,1.08,398.8,6.2,10.1
1580031780.0,21.0,743.2,15.6,0.61,11.8,7.9,1.08,395.4,6.2,10.1
1580031840.0,21.0,743.2,15.4,0.63,11.7,8.1,1.08,392.0,6.2,10.0
1580031900.0,21.0,743.2,15.3,0.62,11.7,8.0,1.08,388.9,6.2,10.1
1580031960.0,21.0,743.2,15.2,0.62,11.6,8.3,1.08,389.5,6.1,10.0
1580032020.0,21.0,743.1,15.1,0.61,11.5,8.0,1.09,387.7,6.2,10.0
1580032080.0,21.0,743.1,15.0,0.60,11.4,8.3,1.09,384.5,6.1,10.0
1580032140.0,21.0,743.1,14.9,0.59,11.3,8.2,1.09,377.7,6.1,9.9
1580032200.0,20.9,743.1,14.8,0.57,11.2,7.8,1.08,374.8,6.1,9.8
1580032260.0,20.9,743.0,14.7,0.56,11.2,8.2,1.08,373.5,6.0,9.7
1580032320.0,20.9,743.0,14.7,0.54,11.1,7.9,1.08,373.1,6.0,9.7
1580032380.0,20.9,743.1,14.6,0.54,11.0,8.0,1.08,372.2,6.0,9.7
1580032440.0,20.9,743.0,14.6,0.53,10.9,8.3,1.09,369.0,6.0,9.7
1580032500.0,20.9,743.0,14.5,0.51,10.8,8.0,1.09,368.4,6.0,9.7
1580032560.0,20.9,743.0,14.5,0.50,10.8,8.1,1.09,369.3,6.0,9.6
1580032620.0,20.9,743.0,14.4,0.50,10.7,8.2,1.08,366.2,6.0,9.6
1580032680.0,20.9,743.0,14.3,0.50,10.7,8.8,1.08,366.4,5.9,9.6
1580032740.0,20.9,743.0,14.1,0.51,10.7,8.7,1.08,NaN,5.9,9.6
1580032800.0,20.9,743.0,14.0,0.51,10.5,8.4,1.08,NaN,5.9,9.6
1580032860.0,20.9,743.0,13.9,0.50,10.3,8.6,1.09,NaN,5.9,9.6
1580032920.0,20.9,743.0,13.8,0.49,10.2,8.9,1.08,NaN,5.9,9.6
1580032980.0,20.9,743.0,13.7,0.49,10.2,8.8,1.07,NaN,5.9,9.7
1580033040.0,20.9,742.9,13.6,0.50,7.7,8.9,1.07,NaN,5.9,9.7
1580033100.0,20.8,742.9,13.5,0.51,10.1,9.1,1.07,NaN,5.9,9.7
1580033160.0,20.8,742.9,13.5,0.50,10.0,8.8,1.07,NaN,5.9,9.7
1580033220.0,20.8,742.9,13.4,0.50,10.0,8.5,1.07,NaN,6.0,9.7
1580033280.0,20.8,743.0,13.3,0.49,10.0,8.9,1.08,NaN,6.0,9.7
1580033340.0,20.8,743.0,13.3,0.49,10.0,9.2,1.08,NaN,5.9,9.7
1580033400.0,20.8,743.0,13.2,0.50,9.9,8.7,1.07,NaN,6.0,9.7
1580033460.0,20.8,743.0,13.2,0.50,9.9,8.7,1.07,NaN,6.0,9.7
1580033520.0,20.8,743.0,13.2,0.50,9.9,8.5,1.06,361.7,6.0,9.8
1580033580.0,20.8,743.0,13.1,0.50,9.9,8.6,1.06,365.0,6.0,9.8
1580033640.0,20.8,743.0,13.1,0.52,10.1,8.2,1.06,367.7,6.0,9.7
1580033700.0,20.8,743.1,13.2,0.57,10.4,7.6,1.05,378.8,6.0,9.6
1580033760.0,20.8,743.1,13.4,0.63,10.4,7.7,1.05,386.0,5.9,9.6
1580033820.0,20.8,743.2,13.5,0.67,10.3,8.1,1.05,384.4,5.9,9.6
1580033880.0,20.8,743.2,13.6,0.69,10.2,8.0,1.05,378.2,5.9,9.6
1580033940.0,20.8,743.2,13.7,0.69,10.1,8.0,1.06,369.8,5.9,9.6
1580034000.0,20.8,743.2,13.8,0.70,10.0,8.3,1.06,365.1,5.9,9.6
1580034060.0,20.8,743.2,13.8,0.71,10.0,8.4,1.06,361.2,5.9,9.5
1580034120.0,20.8,743.2,13.8,0.70,9.9,8.5,1.07,358.5,5.9,9.5
1580034180.0,20.8,743.2,13.8,0.66,9.8,8.3,1.07,359.1,5.8,9.4
1580034240.0,20.8,743.2,13.6,0.61,9.8,8.4,1.07,357.5,5.8,9.4
1580034300.0,20.8,743.3,13.4,0.58,9.7,8.7,1.06,358.3,5.8,9.4
1580034360.0,20.8,743.3,13.3,0.55,9.7,8.7,1.06,357.4,5.8,9.3
1580034420.0,20.8,743.3,13.2,0.54,9.6,8.5,1.06,356.7,5.8,9.3
1580034480.0,20.8,743.3,13.1,0.52,9.6,8.3,1.05,356.9,5.8,9.4
1580034540.0,20.8,743.3,13.0,0.50,9.5,8.3,1.05,354.4,5.8,9.3
1580034600.0,20.8,743.3,12.9,0.51,9.6,7.7,1.04,356.6,5.8,9.3
1580034660.0,20.8,743.3,12.9,0.51,9.6,8.0,1.04,357.6,5.8,9.4
1580034720.0,20.8,743.3,12.8,0.51,9.6,8.3,1.04,357.7,5.8,9.4
1580034780.0,20.8,743.3,12.8,0.51,9.6,8.1,1.03,353.1,5.8,9.4
1580034840.0,20.8,743.3,12.8,0.53,9.7,8.3,1.04,350.7,5.8,9.5
1580034900.0,20.8,743.3,12.9,0.53,9.7,7.8,1.04,351.8,5.8,9.5
1580034960.0,20.8,743.3,12.9,0.55,9.8,8.1,1.03,351.8,5.9,9.5
1580035020.0,20.8,743.2,12.9,0.55,9.8,8.0,1.02,350.9,5.9,9.6
1580035080.0,20.8,743.2,12.9,0.55,9.8,8.1,1.02,346.5,5.9,9.6
1580035140.0,20.8,743.2,13.0,0.55,9.9,8.6,1.02,346.5,6.0,9.7
1580035200.0,20.8,743.2,13.1,0.55,10.0,8.3,1.01,351.0,6.0,9.7
1580035260.0,20.8,743.2,13.1,0.54,10.0,7.9,1.01,355.4,6.0,9.7
1580035320.0,20.8,743.2,13.1,0.54,10.0,7.8,1.02,359.3,6.0,9.7
1580035380.0,20.8,743.2,13.2,0.54,10.0,7.4,1.03,358.4,6.0,9.7
1580035440.0,20.8,743.2,13.2,0.52,10.1,7.6,1.04,357.5,6.0,9.7
1580035500.0,20.8,743.2,13.3,0.50,10.1,7.8,1.05,355.1,6.1,9.8
1580035560.0,20.8,743.2,13.4,0.49,10.1,7.5,1.05,352.9,6.1,9.8
1580035620.0,20.8,743.2,13.4,0.48,10.1,7.8,1.05,351.8,6.1,9.8
1580035680.0,20.8,743.2,13.4,0.48,10.2,7.9,1.06,350.6,6.1,9.8
1580035740.0,20.8,743.2,13.4,0.49,10.2,7.7,1.06,355.1,6.1,9.8
1580035800.0,20.8,743.2,13.5,0.50,10.3,7.6,1.06,356.7,6.1,9.8
1580035860.0,20.8,743.2,13.5,0.48,10.3,7.6,1.06,361.2,6.1,9.9
1580035920.0,20.8,743.2,13.6,0.49,10.4,7.6,1.05,361.4,6.1,9.9
1580035980.0,20.8,743.2,13.7,0.49,10.5,7.6,1.05,361.3,6.1,9.9
1580036040.0,20.8,743.2,13.7,0.50,10.5,7.8,1.04,361.4,6.1,9.9
1580036100.0,20.8,743.2,13.8,0.51,10.6,7.6,1.03,359.6,6.1,9.9
1580036160.0,20.8,743.2,13.9,0.52,10.7,7.4,1.03,360.3,6.1,9.9
1580036220.0,20.8,743.2,14.0,0.53,10.7,7.2,1.03,361.0,6.0,9.8
1580036280.0,20.8,743.2,14.0,0.54,10.7,7.5,1.02,361.3,6.0,9.8
1580036340.0,20.8,743.2,14.1,0.55,10.7,7.5,1.01,360.5,6.0,9.8
1580036400.0,20.8,743.2,14.1,0.56,10.7,7.7,1.00,358.4,6.0,9.8
1580036460.0,20.8,743.2,14.1,0.57,10.6,7.9,0.99,360.5,6.0,9.7
1580036520.0,20.8,743.2,14.1,0.56,10.5,7.8,0.99,359.7,6.0,9.7
1580036580.0,20.8,743.2,14.1,0.55,10.5,7.8,0.99,359.3,6.0,9.7
1580036640.0,20.8,743.2,14.0,0.56,10.5,7.6,0.99,355.4,5.9,9.6
1580036700.0,20.8,743.2,14.0,0.56,10.5,7.4,0.99,353.9,5.9,9.7
1580036760.0,20.8,743.2,14.1,0.57,10.7,7.5,0.98,357.8,6.0,9.7
1580036820.0,20.8,743.2,14.1,0.57,10.9,7.4,0.99,363.5,5.9,9.6
1580036880.0,20.8,743.2,14.2,0.57,11.1,7.1,0.99,370.4,6.0,9.7
1580036940.0,20.8,743.2,14.3,0.58,11.3,6.6,1.00,374.4,6.0,9.7
1580037000.0,20.8,743.2,14.5,0.59,11.5,6.6,1.01,378.4,6.0,9.7
1580037060.0,20.8,743.2,14.6,0.58,11.5,6.8,1.03,379.8,6.0,9.7
1580037120.0,20.8,743.3,14.8,0.57,11.6,6.8,1.03,382.7,6.0,9.7
1580037180.0,20.8,743.3,15.0,0.58,11.6,6.4,1.04,385.1,6.1,9.8
1580037240.0,20.8,743.2,15.2,0.57,11.7,6.5,1.04,385.9,6.1,9.9
1580037300.0,20.8,743.3,15.3,0.56,11.8,6.4,1.05,389.2,6.1,10.0
1580037360.0,20.8,743.2,15.4,0.55,11.8,6.3,1.05,391.5,6.2,10.0
1580037420.0,20.8,743.2,15.3,0.57,11.7,6.6,1.05,392.1,6.2,10.0
1580037480.0,20.8,743.2,15.3,0.56,11.7,6.5,1.05,390.8,6.2,10.0
1580037540.0,20.8,743.3,15.3,0.58,11.7,6.5,1.05,387.5,6.2,10.1
1580037600.0,20.8,743.3,15.3,0.59,11.7,6.5,1.05,387.1,6.2,10.1
1580037660.0,20.8,743.3,15.2,0.59,11.6,6.0,1.05,390.8,6.2,10.1
1580037720.0,20.8,743.3,15.2,0.59,11.6,5.9,1.05,393.8,6.2,10.2
1580037780.0,20.8,743.3,15.1,0.60,11.5,6.4,1.06,394.3,6.2,10.2
1580037840.0,20.8,743.3,15.1,0.59,11.5,6.3,1.06,390.8,6.2,10.1
1580037900.0,20.8,743.3,15.1,0.57,11.4,6.5,1.06,388.3,6.2,10.0
1580037960.0,20.8,743.3,15.1,0.57,11.4,6.8,1.05,388.5,6.2,10.0
1580038020.0,20.8,743.3,15.0,0.56,11.2,6.8,1.05,388.7,6.2,10.0
1580038080.0,20.8,743.3,14.9,0.55,11.1,6.6,1.05,390.8,6.1,9.9
1580038140.0,20.8,743.3,14.8,0.57,11.2,6.5,1.05,389.9,6.1,9.8
1580038200.0,20.9,743.3,14.8,0.58,11.2,6.9,1.05,390.9,6.1,9.8
1580038260.0,20.9,743.3,14.8,0.57,11.2,7.1,1.05,392.2,6.0,9.7
1580038320.0,21.0,743.3,14.8,0.60,11.1,7.1,1.05,389.5,6.0,9.7
1580038380.0,21.0,743.3,14.7,0.60,11.0,7.0,1.06,388.6,6.0,9.7
1580038440.0,21.0,743.3,14.7,0.61,11.0,7.3,1.06,384.7,6.0,9.7
1580038500.0,21.1,743.2,14.7,0.62,11.0,7.0,1.06,383.5,6.0,9.8
1580038560.0,21.1,743.2,14.7,0.62,11.0,6.8,1.06,383.4,6.1,9.8
1580038620.0,21.1,743.2,14.7,0.62,11.1,7.0,1.06,379.9,6.1,9.9
1580038680.0,21.1,743.2,14.7,0.63,11.1,7.3,1.06,380.9,6.1,9.9
1580038740.0,21.1,743.2,14.7,0.63,11.2,7.5,1.06,380.9,6.1,10.0
1580038800.0,21.1,743.2,14.7,0.61,11.2,7.5,1.06,384.1,6.2,10.1
1580038860.0,21.1,743.2,14.6,0.61,11.2,7.4,1.06,386.2,6.2,10.2
1580038920.0,21.1,743.2,14.6,0.60,11.3,6.9,1.06,389.2,6.3,10.4
1580038980.0,21.1,743.2,14.6,0.60,11.2,7.0,1.06,392.8,6.3,10.4
1580039040.0,21.1,743.2,14.6,0.58,11.2,7.2,1.07,395.9,6.4,10.4
1580039100.0,21.1,743.2,14.6,0.56,11.2,7.0,1.07,394.7,6.4,10.4
1580039160.0,21.1,743.2,14.7,0.55,11.2,6.7,1.07,394.3,6.4,10.5
1580039220.0,21.1,743.2,14.7,0.55,11.2,7.0,1.07,392.2,6.4,10.5
1580039280.0,21.1,743.2,14.7,0.55,11.2,7.4,1.07,390.4,6.4,10.5
1580039340.0,21.1,743.2,14.7,0.55,11.2,7.2,1.07,388.6,6.5,10.6
1580039400.0,21.0,743.2,14.8,0.54,11.4,6.8,1.07,389.8,6.5,10.6
1580039460.0,21.0,743.2,14.9,0.53,11.8,6.3,1.07,393.9,6.5,10.6
1580039520.0,21.0,743.1,15.0,0.54,12.4,6.1,1.07,402.7,6.5,10.6
1580039580.0,21.0,743.1,15.2,0.56,12.8,5.6,1.07,409.4,6.5,10.6
1580039640.0,21.0,743.1,15.5,0.58,13.3,5.2,1.07,419.7,6.5,10.5
1580039700.0,21.0,743.1,15.8,0.61,13.7,5.0,1.06,427.9,6.5,10.5
1580039760.0,21.0,743.1,16.2,0.64,14.0,4.9,1.06,437.3,6.5,10.5
1580039820.0,21.0,743.2,16.7,0.67,14.4,4.6,1.06,442.8,6.5,10.4
1580039880.0,21.0,743.2,17.1,0.70,14.8,4.7,1.06,444.8,6.4,10.3
1580039940.0,20.9,743.2,17.6,0.73,15.1,4.3,1.06,NaN,6.4,10.3
1580040000.0,20.9,743.2,18.0,0.76,15.3,4.0,1.06,NaN,6.4,10.2
1580040060.0,20.9,743.1,18.4,0.77,15.3,4.1,1.05,NaN,6.4,10.2
1580040120.0,20.9,743.2,18.8,0.78,15.6,3.9,1.05,NaN,6.4,10.1
1580040180.0,20.9,743.2,19.2,0.79,16.1,4.0,1.05,NaN,6.4,10.1
1580040240.0,20.9,743.2,19.6,0.80,16.4,3.5,1.05,NaN,6.4,10.1
1580040300.0,20.9,743.2,19.9,0.83,16.7,3.1,1.06,NaN,6.5,10.2
1580040360.0,20.9,743.1,20.2,0.84,16.9,3.1,1.06,NaN,6.5,10.2
1580040420.0,20.9,743.1,20.5,0.86,17.0,2.8,1.06,NaN,6.5,10.2
1580040480.0,20.9,743.1,20.7,0.89,17.2,3.0,1.06,NaN,6.5,10.2
1580040540.0,20.9,743.1,20.9,0.92,17.4,3.0,1.07,NaN,6.5,10.3
1580040600.0,20.8,743.1,21.2,0.94,17.6,2.4,1.07,NaN,6.6,10.4
1580040660.0,20.8,743.1,21.4,0.97,17.7,2.1,1.08,NaN,6.6,10.4
1580040720.0,20.8,743.2,21.6,0.99,17.9,2.4,1.09,471.2,6.6,10.4
1580040780.0,20.8,743.2,21.8,1.01,18.0,2.4,1.09,491.3,6.6,10.5
1580040840.0,20.8,743.2,22.0,1.04,18.1,2.3,1.09,517.2,6.6,10.4
1580040900.0,20.8,743.2,22.2,1.03,18.2,2.2,1.09,524.9,6.6,10.3
1580040960.0,20.8,743.2,22.4,1.04,18.3,2.1,1.08,527.0,6.5,10.3
1580041020.0,20.8,743.2,22.6,1.05,18.3,2.1,1.08,527.3,6.5,10.3
1580041080.0,20.8,743.3,22.7,1.06,18.4,2.2,1.08,528.7,6.5,10.3
1580041140.0,20.8,743.3,22.9,1.06,18.5,2.3,1.09,532.8,6.5,10.3
1580041200.0,20.8,743.3,22.9,1.08,18.5,1.6,1.08,537.8,6.5,10.2
1580041260.0,20.8,743.4,22.9,1.08,18.6,1.7,1.08,538.8,6.5,10.2
1580041320.0,20.8,743.4,22.9,1.06,18.7,2.0,1.08,538.7,6.5,10.2
1580041380.0,20.8,743.4,22.9,1.08,18.8,2.3,1.08,539.7,6.5,10.2
1580041440.0,20.8,743.3,22.9,1.09,18.8,2.3,1.08,540.4,6.5,10.2
1580041500.0,20.8,743.3,22.9,1.09,18.9,2.0,1.07,541.7,6.5,10.2
1580041560.0,20.8,743.3,23.0,1.08,18.9,1.9,1.07,540.3,6.6,10.3
1580041620.0,20.8,743.3,23.0,1.07,18.9,2.0,1.06,541.5,6.6,10.3
1580041680.0,20.8,743.3,23.0,1.06,18.9,2.0,1.06,542.7,6.6,10.3
1580041740.0,20.8,743.3,23.1,1.07,18.8,2.2,1.06,543.8,6.6,10.4
1580041800.0,20.8,743.3,23.1,1.10,18.7,2.0,1.06,541.3,6.7,10.5
1580041860.0,20.8,743.3,23.1,1.08,18.5,2.0,1.06,537.2,6.7,10.5
1580041920.0,20.8,743.3,23.1,1.08,18.4,2.8,1.05,536.0,6.7,10.6
1580041980.0,20.8,743.3,23.0,1.07,18.1,3.0,1.05,534.4,6.7,10.6
1580042040.0,20.8,743.3,22.9,1.07,17.8,2.9,1.05,531.5,6.7,10.6
1580042100.0,20.8,743.2,22.6,1.05,17.5,2.9,1.05,529.1,6.7,10.7
1580042160.0,20.8,743.2,22.4,1.02,17.4,3.2,1.05,528.3,6.7,10.7
1580042220.0,20.8,743.2,22.1,0.99,17.2,3.4,1.05,524.3,6.8,10.8
1580042280.0,20.8,743.2,21.8,0.96,17.1,3.7,1.05,519.3,6.8,10.8
1580042340.0,20.8,743.2,21.5,0.94,17.0,3.8,1.05,512.1,6.8,10.9
1580042400.0,20.8,743.2,21.3,0.91,16.8,3.9,1.04,512.8,6.8,10.9
1580042460.0,20.8,743.2,21.0,0.90,16.8,3.8,1.04,511.9,6.8,10.8
1580042520.0,20.8,743.1,20.8,0.89,16.7,3.7,1.05,513.5,6.8,10.8
1580042580.0,20.8,743.2,20.7,0.90,16.7,3.9,1.05,513.6,6.8,10.8
1580042640.0,20.8,743.1,20.5,0.89,16.5,3.9,1.05,512.1,6.8,10.9
1580042700.0,20.8,743.1,20.4,0.87,16.3,4.1,1.05,509.1,6.8,10.9
1580042760.0,20.8,743.1,20.3,0.86,16.1,4.1,1.05,505.4,6.8,11.0
1580042820.0,20.8,743.1,20.2,0.84,16.0,4.3,1.05,498.5,6.8,10.9
1580042880.0,20.8,743.1,20.1,0.83,15.9,4.6,1.05,495.4,6.8,11.0
1580042940.0,20.8,743.1,19.9,0.82,15.8,4.3,1.06,491.2,6.8,10.9
1580043000.0,20.8,743.1,19.8,0.82,15.7,4.7,1.05,489.6,6.8,10.9
1580043060.0,20.8,743.1,19.7,0.80,15.5,4.8,1.05,492.3,6.8,10.9
1580043120.0,20.8,743.1,19.6,0.79,15.4,4.9,1.04,492.6,6.8,10.9
1580043180.0,20.8,743.1,19.4,0.79,15.2,5.0,1.04,492.8,6.9,11.0
1580043240.0,20.8,743.1,19.2,0.77,14.9,5.5,1.05,488.7,6.9,11.1
1580043300.0,20.8,743.1,19.0,0.76,14.7,5.7,1.05,483.3,6.9,11.0
1580043360.0,20.8,743.1,18.8,0.74,14.5,5.6,1.05,480.4,6.8,11.0
1580043420.0,20.7,743.1,18.6,0.71,14.3,5.5,1.05,478.5,6.8,11.0
1580043480.0,20.7,743.1,18.4,0.70,14.1,5.6,1.04,474.7,6.8,10.9
1580043540.0,20.7,743.1,18.1,0.70,14.1,5.8,1.04,467.9,6.8,11.0
1580043600.0,20.7,743.1,17.9,0.69,14.2,5.9,1.05,463.5,6.8,11.0
1580043660.0,20.7,743.1,17.8,0.68,14.3,5.3,1.05,465.0,6.8,11.0
1580043720.0,20.7,743.1,17.8,0.69,14.3,5.1,1.05,471.1,6.8,11.0
1580043780.0,20.7,743.1,17.9,0.67,14.5,5.0,1.05,476.4,6.7,10.9
1580043840.0,20.7,743.1,18.1,0.67,15.1,4.7,1.05,483.3,6.7,10.9
1580043900.0,20.7,743.1,18.2,0.67,15.3,4.5,1.05,485.1,6.7,10.8
1580043960.0,20.7,743.2,18.4,0.67,15.5,4.3,1.05,490.5,6.7,10.8
1580044020.0,20.7,743.2,18.7,0.68,15.7,3.8,1.05,491.8,6.6,10.7
1580044080.0,20.7,743.2,19.0,0.70,15.9,3.7,1.06,494.9,6.6,10.7
1580044140.0,20.7,743.2,19.3,0.72,16.1,3.7,1.06,497.1,6.6,10.6
1580044200.0,20.7,743.3,19.6,0.74,16.2,3.3,1.05,499.0,6.6,10.6
1580044260.0,20.7,743.3,19.8,0.76,16.3,3.5,1.05,503.5,6.6,10.6
1580044320.0,20.7,743.3,20.0,0.77,16.5,3.4,1.05,504.9,6.6,10.6
1580044380.0,20.7,743.3,20.2,0.77,16.7,3.1,1.06,504.2,6.6,10.6
1580044440.0,20.7,743.3,20.4,0.79,16.8,2.9,1.06,502.0,6.6,10.6
1580044500.0,20.7,743.3,20.5,0.81,16.9,2.5,1.07,503.3,6.6,10.6
1580044560.0,20.7,743.3,20.7,0.80,17.0,2.4,1.07,506.9,6.6,10.6
1580044620.0,20.7,743.3,20.8,0.81,17.1,2.6,1.07,513.1,6.6,10.6
1580044680.0,20.7,743.3,20.9,0.82,17.1,2.3,1.06,514.0,6.6,10.6
1580044740.0,20.7,743.3,21.0,0.87,17.0,2.5,1.06,516.4,6.7,10.7
1580044800.0,20.8,743.3,21.1,0.88,16.8,2.4,1.05,516.3,6.6,10.7
1580044860.0,20.8,743.3,21.1,0.91,16.7,2.4,1.05,520.9,6.6,10.6
1580044920.0,20.8,743.3,21.2,0.92,16.9,2.2,1.05,523.8,6.5,10.5
1580044980.0,20.9,743.4,21.2,0.92,16.9,2.3,1.05,522.6,6.6,10.6
1580045040.0,20.9,743.3,21.3,0.94,16.5,2.9,1.06,518.4,6.5,10.5
1580045100.0,20.9,743.4,21.2,0.92,16.3,3.2,1.07,511.8,6.5,10.5
1580045160.0,21.0,743.4,21.1,0.94,16.3,3.1,1.08,505.9,6.5,10.5
1580045220.0,21.0,743.4,21.0,0.94,16.3,3.2,1.09,501.9,6.5,10.5
1580045280.0,21.0,743.4,20.9,0.98,16.4,3.2,1.09,499.4,6.5,10.5
1580045340.0,21.0,743.4,20.8,0.99,16.5,3.2,1.09,502.7,6.5,10.6
1580045400.0,21.1,743.3,20.7,1.00,16.7,3.0,1.10,506.8,6.5,10.6
1580045460.0,21.1,743.3,20.6,1.01,16.8,2.9,1.10,509.7,6.6,10.7
1580045520.0,21.1,743.3,20.5,1.03,16.9,2.9,1.11,510.3,6.6,10.7
1580045580.0,21.1,743.2,20.4,1.04,17.0,2.7,1.12,512.4,6.7,10.8
1580045640.0,21.1,743.2,20.5,1.02,17.1,2.2,1.13,517.9,6.7,10.8
1580045700.0,21.1,743.2,20.6,0.99,17.1,2.3,1.14,520.6,6.8,10.9
1580045760.0,21.1,743.2,20.7,0.95,17.1,2.6,1.15,520.5,6.8,11.0
1580045820.0,21.1,743.2,20.8,0.95,17.2,2.9,1.15,521.0,6.9,11.1
1580045880.0,21.1,743.2,20.9,0.94,17.3,2.6,1.15,518.2,6.8,11.1
1580045940.0,21.1,743.2,21.1,0.95,17.3,2.8,1.15,518.1,6.8,11.0
1580046000.0,21.1,743.3,21.2,0.94,17.3,3.0,1.15,514.5,6.8,11.0
1580046060.0,21.0,743.3,21.2,0.93,17.3,2.9,1.14,516.4,6.8,11.0
1580046120.0,21.0,743.2,21.3,0.92,17.2,2.9,1.12,519.7,6.8,11.0
1580046180.0,21.0,743.2,21.3,0.92,17.1,2.9,1.11,523.3,6.8,11.0
1580046240.0,21.0,743.2,21.2,0.92,17.1,2.6,1.10,526.7,6.8,11.0
1580046300.0,21.0,743.2,21.2,0.92,17.0,2.8,1.09,524.1,6.8,11.0
1580046360.0,21.0,743.2,21.1,0.92,16.8,2.9,1.08,521.9,6.8,11.0
1580046420.0,21.0,743.2,21.0,0.89,16.7,3.1,1.07,514.4,6.7,10.8
1580046480.0,21.0,743.2,20.8,0.89,16.6,3.3,1.06,517.4,6.7,10.8
1580046540.0,20.9,743.2,20.7,0.90,16.6,3.2,1.05,514.8,6.7,10.8
1580046600.0,20.9,743.2,20.6,0.90,16.7,2.9,1.04,518.2,6.7,10.8
1580046660.0,20.9,743.2,20.6,0.90,16.8,2.7,1.03,514.9,6.7,10.8
1580046720.0,20.9,743.2,20.6,0.91,16.8,2.5,1.02,510.6,6.7,10.8
1580046780.0,20.9,743.2,20.6,0.89,16.9,2.7,1.02,510.7,6.7,10.8
1580046840.0,20.9,743.2,20.7,0.89,17.0,2.6,1.02,508.2,6.6,10.7
1580046900.0,20.9,743.2,20.7,0.90,17.0,2.5,1.02,512.0,6.6,10.6
1580046960.0,20.9,743.2,20.8,0.92,17.1,2.5,1.02,516.5,6.6,10.5
1580047020.0,20.9,743.2,20.9,0.93,17.1,2.9,1.02,523.5,6.6,10.5
1580047080.0,20.9,743.2,21.0,0.94,17.1,2.6,1.03,522.7,6.6,10.5
1580047140.0,20.9,743.2,21.0,0.96,17.2,2.6,1.03,NaN,6.6,10.5
1580047200.0,20.8,743.2,21.1,0.96,17.2,2.5,1.03,NaN,6.6,10.5
1580047260.0,20.8,743.2,21.1,0.96,17.3,2.2,1.04,NaN,6.6,10.4
1580047320.0,20.9,743.2,21.1,0.98,17.2,2.4,1.04,NaN,6.5,10.4
1580047380.0,20.9,743.2,21.1,0.99,17.2,2.4,1.05,NaN,6.5,10.3
1580047440.0,20.9,743.2,21.2,0.99,17.1,2.1,1.05,NaN,6.5,10.3
1580047500.0,20.9,743.2,21.1,1.01,16.9,2.2,1.06,NaN,6.4,10.2
1580047560.0,21.0,743.2,21.1,1.04,17.0,2.1,1.06,NaN,6.4,10.2
1580047620.0,21.0,743.2,21.1,1.07,17.1,2.2,1.06,NaN,6.4,10.1
1580047680.0,21.0,743.2,21.1,1.11,17.2,2.4,1.07,NaN,6.3,10.1
1580047740.0,21.1,743.2,21.1,1.17,17.2,2.1,1.08,NaN,6.3,10.0
1580047800.0,21.1,743.3,21.0,1.24,17.2,2.1,1.08,NaN,6.3,10.1
1580047860.0,21.1,743.3,20.9,1.30,17.2,2.0,1.08,NaN,6.3,10.1
1580047920.0,21.2,743.3,20.9,1.33,17.1,2.1,1.08,522.3,6.3,10.1
1580047980.0,21.2,743.3,21.0,1.33,17.1,2.1,1.07,522.5,6.3,10.2
1580048040.0,21.2,743.3,21.1,1.32,17.1,2.3,1.08,527.2,6.3,10.2
1580048100.0,21.2,743.3,21.1,1.31,17.1,2.4,1.08,527.0,6.4,10.2
1580048160.0,21.2,743.3,21.0,1.30,17.1,2.1,1.08,532.3,6.4,10.3
1580048220.0,21.2,743.3,21.1,1.25,17.0,2.2,1.08,532.8,6.4,10.3
1580048280.0,21.2,743.3,21.2,1.19,16.9,2.3,1.09,534.8,6.4,10.3
1580048340.0,21.2,743.3,21.2,1.15,16.8,2.1,1.08,529.7,6.5,10.4
1580048400.0,21.2,743.3,21.2,1.12,16.8,2.7,1.08,525.9,6.5,10.4
1580048460.0,21.1,743.3,21.1,1.11,16.7,2.9,1.08,519.8,6.5,10.4
1580048520.0,21.1,743.2,20.9,1.10,16.6,2.2,1.07,518.7,6.6,10.5
1580048580.0,21.1,743.3,20.9,1.08,16.7,2.1,1.07,519.8,6.6,10.5
1580048640.0,21.1,743.4,20.9,1.07,16.7,2.6,1.07,524.1,6.6,10.5
1580048700.0,21.1,743.3,20.9,1.06,16.7,2.9,1.07,523.6,6.5,10.4
1580048760.0,21.1,743.4,20.8,1.05,16.7,2.5,1.07,523.8,6.6,10.5
1580048820.0,21.1,743.3,20.7,1.03,16.8,2.4,1.07,521.1,6.6,10.6
1580048880.0,21.1,743.3,20.7,1.05,16.8,2.2,1.07,521.8,6.6,10.7
1580048940.0,21.0,743.3,20.8,1.04,16.8,2.3,1.07,517.5,6.7,10.8
1580049000.0,21.0,743.3,20.8,1.04,16.9,2.4,1.06,518.7,6.7,10.8
1580049060.0,21.0,743.4,20.9,1.02,16.9,2.5,1.06,523.0,6.7,10.8
1580049120.0,21.0,743.4,20.9,1.00,16.9,2.7,1.06,524.6,6.7,10.8
1580049180.0,21.0,743.4,20.9,1.00,16.8,2.4,1.07,525.6,6.7,10.7
1580049240.0,21.0,743.4,20.9,1.00,16.8,2.5,1.06,519.7,6.6,10.7
1580049300.0,21.0,743.5,20.9,1.01,16.8,2.8,1.06,516.7,6.7,10.7
1580049360.0,21.0,743.4,20.9,0.98,16.8,2.9,1.07,517.8,6.7,10.8
1580049420.0,20.9,743.4,20.9,0.98,16.8,2.9,1.07,516.5,6.6,10.7
1580049480.0,20.9,743.5,20.9,0.98,16.8,2.6,1.08,519.3,6.6,10.7
1580049540.0,20.9,743.6,20.9,0.98,16.8,2.4,1.08,518.3,6.6,10.6
1580049600.0,20.9,743.6,20.9,0.98,16.7,2.2,1.07,518.9,6.6,10.6
1580049660.0,20.9,743.6,20.8,0.98,16.7,2.5,1.07,518.8,6.6,10.6
1580049720.0,20.9,743.6,20.8,0.96,16.7,2.7,1.07,519.4,6.6,10.7
1580049780.0,20.9,743.7,20.9,0.95,16.7,2.6,1.06,517.7,6.6,10.7
1580049840.0,20.9,743.6,20.9,0.95,16.6,2.7,1.06,517.7,6.6,10.7
1580049900.0,20.9,743.6,20.9,0.93,16.7,3.0,1.06,517.0,6.6,10.6
1580049960.0,20.9,743.7,20.9,0.93,16.6,3.1,1.07,520.9,6.6,10.7
1580050020.0,20.9,743.7,20.9,0.94,16.7,2.9,1.06,520.7,6.7,10.7
1580050080.0,20.9,744.1,20.8,0.94,16.7,2.6,1.06,521.6,6.7,10.7
1580050140.0,20.9,744.1,20.9,0.94,16.7,2.6,1.05,520.7,6.7,10.8
1580050200.0,20.9,744.2,20.9,0.95,16.6,2.5,1.05,519.5,6.7,10.9
1580050260.0,20.9,744.0,20.9,0.96,16.4,2.5,1.05,517.3,6.7,10.9
1580050320.0,20.9,743.8,20.9,0.96,16.2,2.4,1.04,516.7,6.7,10.9
1580050380.0,20.9,743.9,20.8,0.96,16.1,2.4,1.04,516.9,6.6,10.7
1580050440.0,21.0,743.7,20.8,0.97,16.3,2.3,1.04,519.1,6.6,10.7
1580050500.0,21.0,743.7,20.8,0.96,16.4,2.2,1.03,518.4,6.5,10.6
1580050560.0,21.1,743.8,20.8,0.95,16.4,2.2,1.03,517.3,6.5,10.6
1580050620.0,21.1,743.7,20.7,0.96,16.3,2.9,1.03,520.1,6.5,10.6
1580050680.0,21.1,743.8,20.6,0.98,16.3,2.5,1.04,520.3,6.5,10.5
1580050740.0,21.2,743.8,20.5,1.01,16.2,2.3,1.04,518.5,6.5,10.5
1580050800.0,21.2,743.7,20.5,1.03,16.1,3.0,1.04,513.2,6.4,10.4
1580050860.0,21.2,744.0,20.5,1.06,16.1,3.2,1.05,512.4,6.4,10.3
1580050920.0,21.2,744.0,20.4,1.10,16.1,3.1,1.05,513.7,6.4,10.3
1580050980.0,21.2,743.9,20.3,1.14,16.1,3.3,1.05,513.4,6.4,10.4
1580051040.0,21.2,744.1,20.3,1.15,16.1,3.2,1.06,509.5,6.5,10.5
1580051100.0,21.2,744.2,20.2,1.18,16.0,3.3,1.07,508.7,6.5,10.6
1580051160.0,21.2,744.2,20.2,1.15,15.8,3.4,1.07,508.2,6.6,10.7
1580051220.0,21.2,744.1,20.1,1.14,15.7,2.8,1.07,505.5,6.6,10.7
1580051280.0,21.2,744.2,20.1,1.11,15.6,3.3,1.07,501.6,6.7,10.8
1580051340.0,21.2,744.2,20.0,1.09,15.5,3.4,1.07,502.4,6.7,10.9
1580051400.0,21.2,743.6,20.0,1.05,15.5,3.4,1.07,503.7,6.7,11.0
1580051460.0,21.2,743.7,19.9,1.03,15.4,3.8,1.08,503.0,6.8,11.2
1580051520.0,21.2,744.2,19.8,1.01,15.3,3.7,1.08,500.2,6.8,11.2
1580051580.0,21.1,744.2,19.7,0.98,15.2,3.6,1.07,498.9,6.8,11.2
1580051640.0,21.1,744.2,19.7,0.97,15.2,3.8,1.07,501.1,6.8,11.2
1580051700.0,21.1,744.2,19.6,0.97,15.2,3.6,1.07,501.5,6.8,11.2
1580051760.0,21.1,744.1,19.5,0.96,15.1,3.5,1.07,500.2,6.8,11.2
1580051820.0,21.1,744.1,19.4,0.95,15.0,3.5,1.07,495.2,6.7,11.2
1580051880.0,21.1,744.2,19.2,0.96,14.9,3.8,1.07,488.4,6.7,11.1
1580051940.0,21.0,744.2,19.2,0.97,14.9,3.9,1.07,486.1,6.7,11.1
1580052000.0,21.0,744.1,19.1,0.96,14.9,3.8,1.07,482.3,6.7,11.1
1580052060.0,21.0,743.8,19.1,0.95,15.0,3.8,1.07,489.4,6.7,11.0
1580052120.0,21.0,743.8,19.0,0.94,15.0,4.0,1.08,493.3,6.7,11.0
1580052180.0,21.0,744.0,19.0,0.94,14.9,3.6,1.09,494.2,6.7,10.9
1580052240.0,21.0,744.2,18.9,0.95,14.9,3.5,1.09,492.3,6.6,10.9
1580052300.0,21.0,744.1,18.9,0.94,14.8,3.7,1.09,487.0,6.6,10.8
1580052360.0,21.0,744.1,19.0,0.93,14.8,3.8,1.08,487.2,6.6,10.8
1580052420.0,20.9,744.0,19.0,0.92,14.8,3.8,1.09,486.0,6.6,10.7
1580052480.0,20.9,744.1,19.0,0.92,14.8,3.8,1.09,487.6,6.6,10.7
1580052540.0,20.9,744.1,19.1,0.93,14.8,3.7,1.09,484.3,6.5,10.7
1580052600.0,20.9,744.1,19.1,0.94,14.7,3.5,1.10,487.2,6.5,10.7
1580052660.0,20.9,744.0,19.1,0.94,14.8,3.6,1.10,490.7,6.5,10.7
1580052720.0,20.9,743.8,19.1,0.96,14.7,3.8,1.09,495.0,6.5,10.6
1580052780.0,20.9,743.6,19.1,0.96,14.7,4.3,1.09,492.9,6.5,10.6
1580052840.0,20.9,743.7,19.0,0.95,14.6,4.2,1.09,484.4,6.5,10.7
1580052900.0,20.9,743.6,18.9,0.96,14.6,4.0,1.08,478.7,6.5,10.7
1580052960.0,20.9,744.1,18.8,0.96,14.6,4.1,1.07,475.8,6.5,10.8
1580053020.0,20.9,744.2,18.7,0.96,14.5,4.1,1.07,478.1,6.6,10.8
1580053080.0,20.8,744.0,18.6,0.97,14.5,4.2,1.07,479.6,6.6,10.9
1580053140.0,20.8,743.9,18.6,0.98,14.4,4.1,1.06,480.5,6.6,10.9
1580053200.0,20.8,743.9,18.6,0.97,14.4,4.2,1.06,480.8,6.6,11.0
1580053260.0,20.8,743.9,18.5,0.98,14.3,4.2,1.06,480.2,6.7,11.0
1580053320.0,20.8,743.9,18.5,1.00,14.2,4.0,1.06,479.6,6.7,11.0
1580053380.0,20.9,743.9,18.5,1.01,14.0,4.1,1.06,479.6,6.7,11.0
1580053440.0,20.9,744.0,18.4,1.00,13.9,4.2,1.06,480.3,6.7,11.0
1580053500.0,20.9,743.9,18.4,0.99,14.1,4.3,1.05,481.4,6.6,10.9
1580053560.0,21.0,743.9,18.4,0.97,14.2,4.2,1.05,480.6,6.6,10.9
1580053620.0,21.0,743.9,18.4,0.97,14.1,4.1,1.04,480.6,6.5,10.7
1580053680.0,21.0,743.9,18.3,0.98,14.0,4.3,1.05,476.2,6.5,10.7
1580053740.0,21.1,744.0,18.2,0.96,14.0,4.3,1.05,473.6,6.5,10.7
1580053800.0,21.1,743.9,18.2,0.95,14.0,4.4,1.05,472.3,6.5,10.6
1580053860.0,21.1,744.0,18.2,0.96,13.9,4.4,1.05,474.2,6.5,10.6
1580053920.0,21.2,743.9,18.2,0.96,13.8,4.6,1.06,474.0,6.5,10.6
1580053980.0,21.2,744.0,18.1,0.98,13.8,4.6,1.05,473.1,6.5,10.6
1580054040.0,21.2,744.0,18.1,1.00,13.7,4.4,1.05,471.3,6.5,10.7
1580054100.0,21.2,744.0,18.0,0.99,13.7,4.4,1.05,468.4,6.5,10.7
1580054160.0,21.2,744.0,18.0,1.00,13.6,4.8,1.05,467.2,6.5,10.7
1580054220.0,21.2,744.0,18.0,1.00,13.6,5.2,1.05,462.8,6.6,10.9
1580054280.0,21.2,744.1,17.9,1.01,13.5,4.8,1.05,459.9,6.6,11.0
1580054340.0,21.2,744.1,17.8,1.00,13.5,4.6,1.04,NaN,6.6,11.0
1580054400.0,21.2,744.5,17.7,0.99,13.4,4.7,1.03,NaN,6.6,11.0
1580054460.0,21.2,744.1,17.6,0.99,13.4,5.4,1.04,NaN,6.7,11.1
1580054520.0,21.2,744.0,17.6,0.97,13.3,5.1,1.04,NaN,6.7,11.2
1580054580.0,21.2,744.1,17.5,0.95,13.2,4.7,1.03,NaN,6.7,11.2
1580054640.0,21.2,744.0,17.5,0.93,13.1,5.3,1.02,NaN,6.7,11.2
1580054700.0,21.2,744.0,17.4,0.93,13.1,5.5,1.01,NaN,6.7,11.2
1580054760.0,21.2,744.0,17.2,0.91,13.1,5.6,1.01,NaN,6.7,11.2
1580054820.0,21.2,744.0,17.1,0.91,12.9,5.7,1.00,NaN,6.7,11.2
1580054880.0,21.1,744.0,17.0,0.93,12.8,5.5,1.01,NaN,6.7,11.1
1580054940.0,21.1,744.0,17.0,0.92,12.8,5.7,1.01,NaN,6.7,11.1
1580055000.0,21.1,744.1,16.9,0.92,12.8,6.0,1.01,NaN,6.7,11.1
1580055060.0,21.1,744.1,16.9,0.94,12.9,5.4,1.01,NaN,6.7,11.2
1580055120.0,21.1,744.1,16.9,0.96,13.0,5.0,1.02,448.5,6.7,11.2
1580055180.0,21.1,744.1,16.9,0.96,13.0,5.1,1.02,449.4,6.7,11.1
1580055240.0,21.1,744.2,16.9,0.96,13.0,5.1,1.02,449.4,6.7,11.1
1580055300.0,21.0,744.3,16.9,0.96,12.9,5.1,1.02,449.5,6.8,11.1
1580055360.0,21.0,744.3,17.0,0.95,12.9,5.4,1.03,447.9,6.7,11.0
1580055420.0,21.0,744.1,17.0,0.95,12.8,5.4,1.03,445.4,6.7,11.0
1580055480.0,21.0,744.1,17.0,0.95,12.8,5.3,1.04,446.2,6.7,11.1
1580055540.0,21.0,744.1,16.9,0.95,12.8,5.4,1.04,448.2,6.8,11.2
1580055600.0,21.0,744.1,16.9,0.94,12.7,5.3,1.05,447.7,6.8,11.2
1580055660.0,21.0,744.1,16.8,0.95,12.7,5.2,1.05,451.3,6.8,11.1
1580055720.0,20.9,744.2,16.9,0.96,12.7,5.3,1.05,452.1,6.8,11.1
1580055780.0,20.9,744.2,16.9,0.96,12.7,5.4,1.06,452.0,6.8,11.1
1580055840.0,20.9,744.2,16.8,0.97,12.7,5.7,1.06,452.3,6.8,11.1
1580055900.0,20.9,744.2,16.8,0.98,12.7,5.3,1.06,451.0,6.7,11.1
1580055960.0,20.9,744.2,16.8,0.98,12.7,5.0,1.06,451.2,6.8,11.2
1580056020.0,20.9,744.2,16.8,0.99,12.8,5.3,1.05,447.9,6.8,11.2
1580056080.0,20.9,744.2,16.8,1.01,12.9,5.1,1.05,447.9,6.8,11.2
1580056140.0,20.9,744.2,17.0,1.09,13.2,4.7,1.04,454.5,6.7,11.1
1580056200.0,20.9,744.2,17.2,1.22,13.6,4.6,1.04,463.4,6.7,11.0
1580056260.0,20.9,744.2,17.5,1.37,13.9,4.2,1.04,469.1,6.6,11.0
1580056320.0,20.9,744.2,17.7,1.50,14.0,4.2,1.04,475.7,6.6,11.0
1580056380.0,20.9,744.2,18.1,1.63,14.2,4.1,1.04,480.3,6.6,11.0
1580056440.0,20.9,744.2,18.4,1.74,14.3,3.8,1.04,484.2,6.6,11.0
1580056500.0,20.8,744.3,18.8,1.84,14.5,4.1,1.04,485.8,6.6,11.0
1580056560.0,20.8,744.2,19.1,1.93,14.6,3.9,1.04,485.9,6.6,10.9
1580056620.0,20.8,744.2,19.3,1.93,14.7,3.8,1.04,488.5,6.6,10.9
1580056680.0,20.8,744.3,19.4,1.88,14.7,3.8,1.04,487.7,6.6,10.8
1580056740.0,20.8,744.3,19.4,1.84,14.8,3.5,1.03,486.1,6.6,10.8
1580056800.0,20.8,744.3,19.6,1.81,14.8,3.6,1.03,481.7,6.6,10.8
1580056860.0,20.8,744.3,19.6,1.79,14.9,4.1,1.03,476.5,6.6,10.8
1580056920.0,20.8,744.4,19.6,1.80,14.8,3.8,1.03,475.0,6.6,10.8
1580056980.0,20.9,744.4,19.7,1.79,14.7,3.8,1.03,476.6,6.6,10.8
1580057040.0,20.9,744.3,19.7,1.75,14.7,3.4,1.04,477.0,6.6,10.7
1580057100.0,20.9,744.4,19.7,1.73,14.8,2.8,1.04,479.5,6.5,10.7
1580057160.0,21.0,744.3,19.7,1.68,14.9,3.2,1.05,480.6,6.5,10.6
1580057220.0,21.0,744.3,19.7,1.63,14.8,3.8,1.05,481.3,6.4,10.5
1580057280.0,21.0,744.3,19.7,1.61,14.6,3.9,1.05,483.3,6.5,10.6
1580057340.0,21.1,744.3,19.6,1.56,14.6,3.9,1.05,479.8,6.5,10.7
1580057400.0,21.1,744.3,19.5,1.53,14.6,3.9,1.05,477.9,6.5,10.7
1580057460.0,21.1,744.3,19.5,1.51,14.6,4.1,1.05,471.8,6.5,10.7
1580057520.0,21.2,744.3,19.4,1.51,14.5,4.1,1.06,473.8,6.5,10.7
1580057580.0,21.2,744.4,19.3,1.50,14.4,4.1,1.06,472.2,6.5,10.8
1580057640.0,21.2,744.4,19.2,1.50,14.4,4.5,1.07,472.9,6.6,10.8
1580057700.0,21.2,744.4,19.1,1.50,14.4,4.8,1.07,470.0,6.6,10.9
1580057760.0,21.2,744.4,19.0,1.50,14.3,4.6,1.06,468.1,6.7,11.0
1580057820.0,21.2,744.4,18.9,1.47,14.3,4.6,1.06,468.1,6.8,11.2
1580057880.0,21.2,744.4,18.8,1.45,14.3,5.1,1.06,469.4,6.8,11.2
1580057940.0,21.2,744.4,18.7,1.42,14.1,5.4,1.07,467.9,6.9,11.3
1580058000.0,21.2,744.4,18.7,1.38,14.1,5.2,1.07,465.8,6.9,11.3
1580058060.0,21.2,744.4,18.6,1.37,14.0,5.1,1.06,461.1,6.9,11.3
1580058120.0,21.2,744.4,18.5,1.35,14.0,5.3,1.06,455.9,6.9,11.3
1580058180.0,21.2,744.3,18.4,1.34,14.0,5.6,1.06,455.7,6.9,11.5
1580058240.0,21.2,744.4,18.3,1.31,14.0,5.5,1.07,455.9,6.9,11.4
1580058300.0,21.2,744.3,18.3,1.31,14.0,5.4,1.08,456.5,6.9,11.5
1580058360.0,21.1,744.3,18.3,1.29,14.0,5.1,1.07,459.3,6.9,11.4
1580058420.0,21.1,744.3,18.3,1.29,14.0,4.7,1.08,458.2,6.9,11.5
1580058480.0,21.1,744.3,18.3,1.33,14.0,5.0,1.08,453.0,6.9,11.4
1580058540.0,21.1,744.3,18.3,1.34,13.9,5.1,1.08,451.9,6.9,11.4
1580058600.0,21.1,744.3,18.3,1.36,13.9,5.3,1.08,449.4,6.9,11.4
1580058660.0,21.1,744.3,18.4,1.39,14.0,5.4,1.09,453.7,6.9,11.4
1580058720.0,21.1,744.4,18.4,1.41,14.0,5.1,1.09,454.1,6.9,11.3
1580058780.0,21.0,744.3,18.5,1.42,14.1,4.7,1.10,453.5,6.9,11.3
1580058840.0,21.0,744.3,18.5,1.44,14.1,4.8,1.10,452.0,6.9,11.3
1580058900.0,21.0,744.3,18.5,1.46,14.1,5.1,1.11,451.7,7.0,11.4
1580058960.0,21.0,744.3,18.6,1.43,14.1,5.3,1.11,454.8,7.0,11.4
1580059020.0,21.0,744.3,18.6,1.43,14.0,5.1,1.11,455.5,7.0,11.5
1580059080.0,21.0,744.3,18.6,1.41,14.0,5.0,1.10,455.2,7.0,11.5
1580059140.0,21.0,744.3,18.6,1.39,13.9,4.8,1.10,454.5,7.0,11.5
1580059200.0,21.0,744.3,18.6,1.39,13.9,5.1,1.08,450.5,7.0,11.6
1580059260.0,20.9,744.3,18.5,1.37,13.8,5.5,1.08,445.5,7.0,11.6
1580059320.0,20.9,744.3,18.4,1.36,13.8,5.8,1.08,444.1,7.0,11.6
1580059380.0,20.9,744.3,18.3,1.35,13.7,5.6,1.08,441.8,7.0,11.6
1580059440.0,20.9,744.3,18.3,1.34,13.7,5.5,1.07,443.2,6.9,11.5
1580059500.0,20.9,744.4,18.2,1.33,13.6,5.9,1.06,447.1,6.9,11.5
1580059560.0,20.9,744.3,18.1,1.31,13.5,5.5,1.06,445.0,6.9,11.4
1580059620.0,20.9,744.5,18.1,1.30,13.5,5.4,1.05,449.5,6.8,11.3
1580059680.0,20.9,744.3,18.0,1.27,13.4,5.7,1.05,446.9,6.8,11.1
1580059740.0,20.9,744.4,18.0,1.25,13.3,5.4,1.04,449.5,6.7,11.1
1580059800.0,20.9,744.4,18.0,1.23,13.3,5.6,1.03,445.5,6.7,11.1
1580059860.0,20.9,744.3,17.9,1.20,13.3,5.8,1.02,443.6,6.7,11.1
1580059920.0,20.9,744.3,17.8,1.17,13.2,5.9,1.01,441.6,6.7,11.0
1580059980.0,20.9,744.3,17.7,1.17,13.2,5.9,1.01,439.8,6.7,11.0
1580060040.0,20.9,744.3,17.6,1.16,13.2,5.9,1.01,440.5,6.7,10.9
1580060100.0,20.8,744.4,17.5,1.14,13.1,5.8,1.01,438.9,6.7,10.9
1580060160.0,20.8,744.4,17.4,1.14,13.1,5.9,1.01,435.9,6.7,10.9
1580060220.0,20.8,744.5,17.4,1.13,13.1,6.0,1.01,431.8,6.7,10.9
1580060280.0,20.8,744.6,17.4,1.14,13.1,5.9,1.02,430.2,6.7,11.0
1580060340.0,20.8,744.5,17.4,1.16,13.1,6.2,1.02,433.1,6.7,11.0
1580060400.0,20.8,744.6,17.4,1.18,13.1,6.3,1.02,433.9,6.7,11.0
1580060460.0,20.8,744.7,17.4,1.19,13.1,6.0,1.02,436.2,6.7,11.0
1580060520.0,20.8,744.9,17.4,1.21,13.1,5.8,1.02,432.8,6.7,10.9
1580060580.0,20.8,745.0,17.4,1.22,13.1,5.9,1.02,432.2,6.6,10.9
1580060640.0,20.8,745.1,17.4,1.22,13.0,6.1,1.02,432.3,6.6,10.9
1580060700.0,20.8,745.1,17.4,1.21,13.0,6.1,1.03,434.5,6.6,10.9
1580060760.0,20.8,745.1,17.3,1.21,12.9,6.3,1.04,441.4,6.6,10.9
1580060820.0,20.8,745.0,17.2,1.17,12.9,6.2,1.04,440.8,6.6,10.9
1580060880.0,20.8,745.1,17.1,1.16,12.8,6.5,1.05,439.4,6.6,10.9
1580060940.0,20.8,745.0,17.0,1.14,12.8,6.7,1.06,433.0,6.6,10.9
1580061000.0,20.8,744.8,17.0,1.13,12.9,6.6,1.06,432.6,6.6,11.0
1580061060.0,20.8,744.8,17.0,1.13,12.9,6.2,1.06,432.2,6.6,11.0
1580061120.0,20.8,745.0,17.0,1.13,12.9,6.1,1.06,433.4,6.6,11.0
1580061180.0,20.8,745.1,16.9,1.13,12.8,6.5,1.06,429.7,6.7,11.1
1580061240.0,20.8,745.0,16.9,1.11,12.7,6.1,1.06,431.8,6.7,11.2
1580061300.0,20.8,745.0,17.0,1.10,12.7,5.9,1.06,431.4,6.7,11.2
1580061360.0,20.9,744.8,17.0,1.06,12.8,5.7,1.07,437.4,6.6,11.2
1580061420.0,20.9,744.6,17.0,1.03,12.9,5.8,1.07,433.0,6.6,11.0
1580061480.0,21.0,744.6,16.9,0.99,12.9,5.9,1.07,433.4,6.5,10.9
1580061540.0,21.0,744.6,16.9,0.94,12.9,6.0,1.07,NaN,6.4,10.8
1580061600.0,21.1,744.6,16.9,0.91,12.9,6.2,1.07,NaN,6.4,10.7
1580061660.0,21.1,745.0,16.8,0.94,12.8,6.0,1.06,NaN,6.4,10.7
1580061720.0,21.2,744.9,16.8,0.94,12.7,6.4,1.06,NaN,6.3,10.6
1580061780.0,21.2,744.5,16.8,0.94,12.5,6.9,1.06,NaN,6.3,10.6
1580061840.0,21.3,744.5,16.8,0.95,12.6,7.1,1.06,NaN,6.2,10.5
1580061900.0,21.3,744.5,16.7,1.01,12.6,7.1,1.05,NaN,6.2,10.4
1580061960.0,21.3,744.4,16.7,1.08,12.6,7.1,1.05,NaN,6.2,10.4
1580062020.0,21.3,744.4,16.7,1.12,12.6,7.0,1.05,NaN,6.2,10.4
1580062080.0,21.4,744.4,16.6,1.13,12.6,7.0,1.05,NaN,6.3,10.5
1580062140.0,21.4,744.3,16.6,1.11,12.4,7.2,1.05,NaN,6.4,10.6
1580062200.0,21.4,744.3,16.5,1.11,12.3,7.0,1.04,NaN,6.4,10.7
1580062260.0,21.4,744.4,16.5,1.12,12.3,7.3,1.04,NaN,6.5,10.8
1580062320.0,21.4,744.3,16.5,1.11,12.3,7.7,1.03,431.4,6.5,10.9
1580062380.0,21.4,744.3,16.5,1.07,12.3,7.4,1.03,432.0,6.5,10.9
1580062440.0,21.4,744.3,16.4,1.03,12.3,7.3,1.03,428.4,6.5,10.8
1580062500.0,21.3,744.3,16.4,1.03,12.4,7.2,1.03,431.8,6.5,10.8
1580062560.0,21.3,744.3,16.4,1.02,12.4,7.2,1.03,431.1,6.6,10.9
1580062620.0,21.3,744.3,16.4,1.03,12.3,7.2,1.03,433.8,6.6,11.0
1580062680.0,21.3,744.3,16.4,1.03,12.3,7.2,1.03,435.3,6.6,11.0
1580062740.0,21.3,744.3,16.4,1.05,12.3,7.4,1.02,436.8,6.6,11.0
1580062800.0,21.3,744.3,16.3,1.06,12.2,7.9,1.02,439.4,6.6,11.0
1580062860.0,21.2,744.3,16.3,1.05,12.2,7.8,1.02,435.7,6.6,11.0
1580062920.0,21.2,744.3,16.3,1.04,12.1,8.0,1.02,432.3,6.6,11.0
1580062980.0,21.2,744.3,16.2,1.02,12.1,8.0,1.03,428.9,6.6,11.0
1580063040.0,21.2,744.3,16.2,1.00,12.1,8.2,1.03,426.5,6.6,11.0
1580063100.0,21.2,744.3,16.1,0.98,12.0,8.2,1.03,424.8,6.6,11.1
1580063160.0,21.2,744.3,16.1,0.97,12.0,8.4,1.04,424.3,6.6,11.1
1580063220.0,21.1,744.2,16.0,0.94,12.0,8.1,1.04,421.3,6.6,11.1
1580063280.0,21.1,744.3,15.9,0.91,12.0,7.9,1.04,420.6,6.6,11.1
1580063340.0,21.1,744.3,15.9,0.90,12.1,8.2,1.04,419.3,6.6,11.0
1580063400.0,21.1,744.3,15.9,0.91,12.1,7.9,1.04,416.7,6.6,11.0
1580063460.0,21.1,744.3,15.9,0.92,12.1,8.1,1.05,417.9,6.6,11.0
1580063520.0,21.1,744.4,15.8,0.92,12.1,8.6,1.05,414.8,6.5,11.0
1580063580.0,21.0,744.3,15.8,0.92,12.0,8.4,1.04,419.6,6.5,10.9
1580063640.0,21.0,744.4,15.8,0.93,12.0,8.2,1.04,423.2,6.5,10.8
1580063700.0,21.0,744.4,15.9,0.94,11.9,8.4,1.04,428.2,6.5,10.7
1580063760.0,21.0,744.4,15.9,0.94,12.0,8.9,1.04,429.4,6.5,10.7
1580063820.0,21.0,744.4,15.9,0.94,11.9,8.7,1.03,422.2,6.4,10.6
1580063880.0,21.0,744.4,15.8,0.92,11.9,8.5,1.03,418.5,6.4,10.5
1580063940.0,21.0,744.4,15.8,0.91,11.9,8.7,1.03,416.5,6.3,10.5
1580064000.0,21.0,744.4,15.8,0.91,11.9,9.0,1.03,415.0,6.3,10.4
1580064060.0,21.0,744.5,15.8,0.91,11.9,9.1,1.02,415.3,6.4,10.5
1580064120.0,20.9,744.5,15.8,0.90,11.8,9.0,1.00,413.5,6.4,10.5
1580064180.0,20.9,744.4,15.7,0.89,11.9,8.9,1.00,413.6,6.4,10.5
1580064240.0,20.9,744.4,15.7,0.88,11.8,8.7,1.00,415.1,6.4,10.6
1580064300.0,20.9,744.4,15.7,0.86,11.8,9.0,1.00,416.3,6.4,10.6
1580064360.0,20.9,744.3,15.7,0.85,11.8,8.8,1.00,415.2,6.4,10.6
1580064420.0,20.9,744.3,15.7,0.85,11.8,9.0,0.99,415.5,6.4,10.6
1580064480.0,20.9,744.3,15.7,0.82,11.9,9.0,0.99,413.1,6.4,10.6
1580064540.0,20.9,744.3,15.6,0.81,11.9,9.1,0.99,414.8,6.5,10.6
1580064600.0,20.9,744.3,15.6,0.80,11.9,9.1,0.99,411.6,6.5,10.6
1580064660.0,20.9,744.3,15.6,0.80,11.9,8.7,0.99,413.6,6.5,10.7
1580064720.0,20.9,744.3,15.7,0.82,11.9,8.7,0.99,412.3,6.5,10.7
1580064780.0,20.9,744.3,15.7,0.83,11.9,8.7,0.99,413.4,6.4,10.6
1580064840.0,20.9,744.3,15.7,0.85,11.9,8.7,1.00,416.5,6.5,10.7
1580064900.0,20.9,744.4,15.8,0.86,12.0,8.6,1.00,415.4,6.5,10.7
1580064960.0,20.9,744.4,15.8,0.89,12.0,8.3,0.99,417.0,6.5,10.8
1580065020.0,20.9,744.5,15.9,0.93,12.0,8.6,1.00,416.8,6.5,10.8
1580065080.0,20.9,744.6,15.9,0.96,11.9,8.6,1.00,417.2,6.5,10.8
1580065140.0,20.9,744.5,15.9,0.96,11.9,8.4,1.01,415.5,6.5,10.8
1580065200.0,20.9,744.8,15.9,0.94,11.9,8.3,1.01,414.8,6.4,10.7
1580065260.0,20.9,745.0,15.9,0.92,12.1,7.9,1.02,413.4,6.4,10.6
1580065320.0,21.0,745.1,15.9,0.88,12.0,8.2,1.02,416.5,6.3,10.5
1580065380.0,21.0,744.7,15.8,0.83,12.0,8.6,1.02,416.7,6.3,10.5
1580065440.0,21.1,744.6,15.7,0.79,12.0,8.4,1.02,416.4,6.3,10.4
1580065500.0,21.1,744.6,15.7,0.75,11.9,8.2,1.03,412.5,6.3,10.4
1580065560.0,21.1,744.6,15.7,0.73,12.0,8.4,1.03,417.6,6.3,10.4
1580065620.0,21.1,744.6,15.7,0.74,12.0,8.4,1.03,419.8,6.3,10.4
1580065680.0,21.2,744.6,15.8,0.75,12.0,8.4,1.02,422.5,6.3,10.4
1580065740.0,21.2,744.6,15.8,0.76,12.0,8.5,1.03,421.7,6.3,10.4
1580065800.0,21.2,744.6,15.8,0.79,11.9,8.4,1.04,421.4,6.3,10.3
1580065860.0,21.2,744.7,15.8,0.82,11.8,8.6,1.04,421.1,6.3,10.4
1580065920.0,21.2,745.0,15.8,0.85,11.9,8.6,1.03,421.8,6.4,10.5
1580065980.0,21.2,745.1,15.7,0.88,11.9,9.0,1.04,419.7,6.4,10.6
1580066040.0,21.2,745.1,15.7,0.89,11.9,9.4,1.05,418.0,6.5,10.6
1580066100.0,21.2,745.0,15.8,0.87,11.9,9.1,1.05,416.9,6.5,10.7
1580066160.0,21.2,745.0,15.8,0.88,11.8,9.0,1.06,413.9,6.5,10.6
1580066220.0,21.2,744.5,15.7,0.89,11.8,9.0,1.06,413.1,6.4,10.6
1580066280.0,21.2,744.4,15.7,0.89,11.8,9.1,1.06,414.8,6.4,10.5
1580066340.0,21.2,744.4,15.7,0.89,11.8,9.5,1.07,416.4,6.4,10.6
1580066400.0,21.2,744.4,15.7,0.88,11.8,9.8,1.07,417.0,6.5,10.7
1580066460.0,21.2,744.4,15.7,0.85,11.8,9.6,1.08,419.1,6.5,10.8
1580066520.0,21.1,744.4,15.7,0.85,11.8,9.2,1.08,420.6,6.6,10.8
1580066580.0,21.1,744.4,15.7,0.85,11.8,9.6,1.08,422.9,6.6,10.8
1580066640.0,21.1,744.4,15.7,0.85,11.8,9.7,1.09,425.1,6.6,10.8
1580066700.0,21.1,744.4,15.7,0.84,11.9,9.4,1.09,420.9,6.6,10.8
1580066760.0,21.1,744.4,15.7,0.84,11.9,9.3,1.08,417.7,6.6,10.8
1580066820.0,21.1,744.4,15.7,0.83,11.9,10.0,1.08,415.3,6.6,10.9
1580066880.0,21.1,744.4,15.7,0.82,11.9,9.8,1.08,412.1,6.6,10.9
1580066940.0,21.1,744.4,15.7,0.82,11.8,9.7,1.07,410.6,6.6,10.9
1580067000.0,21.1,744.4,15.7,0.81,11.9,9.4,1.06,411.6,6.6,10.9
1580067060.0,21.1,744.4,15.7,0.80,11.9,9.3,1.05,413.3,6.6,10.9
1580067120.0,21.1,744.4,15.7,0.79,11.9,9.3,1.04,417.3,6.6,10.8
1580067180.0,21.1,744.4,15.7,0.78,11.9,9.2,1.03,416.5,6.6,10.8
1580067240.0,21.0,744.4,15.8,0.78,11.9,9.4,1.02,416.4,6.6,10.9
1580067300.0,21.0,744.3,15.8,0.78,11.9,9.5,1.02,418.3,6.6,10.9
1580067360.0,21.0,744.3,15.9,0.78,11.9,9.6,1.02,420.4,6.6,10.9
1580067420.0,21.0,744.3,15.9,0.80,11.9,9.6,1.01,423.0,6.6,10.9
1580067480.0,21.0,744.3,15.9,0.82,12.0,9.4,1.01,425.2,6.6,11.0
1580067540.0,21.0,744.3,15.9,0.83,12.0,9.4,1.01,424.8,6.6,11.0
1580067600.0,21.0,744.3,15.9,0.85,12.0,9.2,1.01,424.1,6.7,11.1
1580067660.0,21.0,744.3,16.0,0.86,12.0,8.9,1.01,422.6,6.7,11.1
1580067720.0,20.9,744.3,16.0,0.88,12.0,9.0,1.01,422.5,6.7,11.2
1580067780.0,20.9,744.3,15.9,0.90,12.0,9.2,1.01,423.3,6.8,11.2
1580067840.0,20.9,744.2,16.0,0.91,12.1,9.5,1.02,424.9,6.8,11.3
1580067900.0,20.9,744.3,16.0,0.90,12.1,9.7,1.02,427.4,6.8,11.3
1580067960.0,20.9,744.2,16.1,0.90,12.1,9.8,1.02,428.3,6.8,11.3
1580068020.0,20.9,744.2,16.0,0.89,12.2,9.5,1.03,430.2,6.8,11.3
1580068080.0,20.9,744.2,16.0,0.89,12.3,9.1,1.03,427.4,6.8,11.3
1580068140.0,20.9,744.2,16.0,0.88,12.3,9.2,1.04,430.2,6.8,11.3
1580068200.0,20.9,744.1,16.1,0.88,12.3,9.2,1.04,429.4,6.8,11.3
1580068260.0,20.9,744.1,16.1,0.89,12.4,9.1,1.05,433.9,6.8,11.3
1580068320.0,20.9,744.1,16.1,0.88,12.5,9.4,1.04,434.5,6.8,11.4
1580068380.0,20.9,744.0,16.1,0.90,12.5,9.3,1.04,438.0,6.9,11.3
1580068440.0,20.9,744.0,16.2,0.88,12.6,9.6,1.04,441.5,6.9,11.4
1580068500.0,20.9,744.0,16.3,0.88,12.6,10.0,1.04,445.3,6.9,11.3
1580068560.0,20.9,744.1,16.3,0.88,12.6,9.7,1.03,446.6,6.9,11.3
1580068620.0,20.9,744.1,16.4,0.88,12.7,9.5,1.02,445.9,6.9,11.3
1580068680.0,20.9,744.0,16.4,0.87,12.7,9.4,1.03,442.8,7.0,11.4
1580068740.0,20.9,744.1,16.5,0.85,12.7,9.6,1.03,NaN,7.0,11.4
1580068800.0,20.9,744.1,16.6,0.84,12.7,9.7,1.03,NaN,7.0,11.5
1580068860.0,20.9,744.1,16.6,0.84,12.8,9.9,1.03,NaN,7.0,11.4
1580068920.0,20.9,744.0,16.6,0.86,12.8,10.1,1.04,NaN,7.0,11.4
1580068980.0,20.9,744.0,16.6,0.85,12.8,10.3,1.05,NaN,7.0,11.4
1580069040.0,20.9,744.0,16.7,0.84,12.8,10.6,1.05,NaN,7.0,11.4
1580069100.0,20.9,744.0,16.7,0.84,12.8,10.6,1.05,NaN,7.0,11.4
1580069160.0,20.9,744.0,16.7,0.84,12.9,10.8,1.05,NaN,7.1,11.4
1580069220.0,20.9,744.0,16.8,0.82,13.0,10.7,1.04,NaN,7.1,11.4
1580069280.0,20.9,744.0,16.8,0.81,13.0,11.1,1.04,NaN,7.0,11.4
1580069340.0,20.9,743.9,16.8,0.78,12.9,12.0,1.04,NaN,7.0,11.3
1580069400.0,20.9,743.9,16.9,0.75,12.9,11.8,1.04,NaN,7.1,11.3
1580069460.0,20.9,743.9,16.9,0.74,12.8,11.3,1.05,NaN,7.1,11.4
1580069520.0,20.9,743.9,16.9,0.74,12.7,11.4,1.05,452.1,7.1,11.4
1580069580.0,20.9,743.9,16.9,0.73,12.8,11.6,1.06,455.1,7.1,11.4
1580069640.0,20.9,744.0,16.9,0.73,12.9,11.5,1.06,463.5,7.1,11.4
1580069700.0,20.9,744.0,16.9,0.72,12.9,11.0,1.05,463.4,7.1,11.4
1580069760.0,20.9,744.0,16.9,0.72,13.0,10.9,1.05,463.3,7.1,11.4
1580069820.0,20.9,744.0,16.9,0.74,13.2,11.5,1.05,459.9,7.1,11.4
1580069880.0,20.9,743.9,17.0,0.76,13.3,11.4,1.05,459.2,7.1,11.4
1580069940.0,20.9,743.8,17.1,0.77,13.5,11.1,1.04,466.0,7.1,11.5
1580070000.0,20.9,743.8,17.3,0.76,13.6,10.6,1.03,477.7,7.1,11.5
1580070060.0,20.9,743.9,17.4,0.78,13.5,10.4,1.03,484.0,7.2,11.5
1580070120.0,20.9,743.6,17.5,0.82,13.6,10.3,1.04,484.6,7.2,11.5
1580070180.0,20.9,743.6,17.6,0.85,13.5,10.4,1.04,480.6,7.2,11.6
1580070240.0,20.9,743.6,17.7,0.86,13.5,10.6,1.04,483.3,7.2,11.6
1580070300.0,20.9,743.6,17.7,0.84,13.5,10.0,1.05,484.6,7.2,11.5
1580070360.0,20.9,743.6,17.7,0.83,13.5,9.6,1.06,481.8,7.1,11.4
1580070420.0,20.9,743.6,17.7,0.82,13.6,9.7,1.06,479.6,7.1,11.3
1580070480.0,21.0,743.6,17.6,0.81,13.7,9.7,1.07,473.3,7.1,11.3
1580070540.0,21.0,743.6,17.5,0.78,13.9,9.8,1.06,473.7,7.1,11.4
1580070600.0,21.1,743.6,17.5,0.76,13.9,10.6,1.06,472.7,7.0,11.3
1580070660.0,21.1,743.6,17.5,0.77,13.9,10.7,1.07,475.5,7.0,11.2
1580070720.0,21.1,743.6,17.5,0.81,13.9,10.2,1.07,479.6,7.0,11.3
1580070780.0,21.2,743.5,17.5,0.85,13.9,9.9,1.06,479.0,7.0,11.2
1580070840.0,21.2,743.5,17.5,0.88,13.9,9.9,1.06,478.4,6.9,11.1
1580070900.0,21.2,743.5,17.6,0.89,13.9,10.4,1.06,474.3,6.9,11.2
1580070960.0,21.2,743.4,17.6,0.91,13.9,10.7,1.07,477.4,7.0,11.2
1580071020.0,21.2,743.3,17.7,0.92,13.9,11.1,1.08,480.6,7.0,11.3
1580071080.0,21.2,743.4,17.8,0.92,14.0,11.2,1.08,483.5,7.1,11.4
1580071140.0,21.2,743.4,17.9,0.90,14.1,10.8,1.08,484.8,7.2,11.6
1580071200.0,21.2,743.3,18.0,0.90,14.2,10.5,1.07,483.0,7.2,11.6
1580071260.0,21.2,743.2,18.1,0.88,14.2,10.4,1.07,483.9,7.3,11.7
1580071320.0,21.2,743.2,18.2,0.88,14.2,10.9,1.06,482.2,7.3,11.8
1580071380.0,21.2,743.2,18.3,0.87,14.2,11.2,1.06,485.5,7.3,11.8
1580071440.0,21.2,743.2,18.4,0.86,14.1,10.9,1.06,482.3,7.4,11.9
1580071500.0,21.2,743.1,18.4,0.85,14.1,11.2,1.06,480.1,7.4,12.0
1580071560.0,21.2,743.1,18.4,0.84,14.1,11.5,1.06,475.8,7.4,12.0
1580071620.0,21.2,743.1,18.3,0.82,14.0,11.1,1.06,475.2,7.4,12.0
1580071680.0,21.2,743.1,18.2,0.79,14.0,11.1,1.06,475.9,7.4,12.1
1580071740.0,21.2,743.0,18.2,0.78,13.9,11.0,1.07,474.2,7.4,12.1
1580071800.0,21.2,743.0,18.1,0.77,13.9,11.0,1.07,472.7,7.4,12.0
1580071860.0,21.2,743.0,18.1,0.76,13.8,11.1,1.07,473.7,7.4,12.0
1580071920.0,21.1,743.0,18.0,0.76,13.8,11.6,1.07,473.4,7.3,11.9
1580071980.0,21.1,742.9,17.9,0.75,13.7,11.7,1.07,472.7,7.3,11.9
1580072040.0,21.1,742.8,17.9,0.75,13.7,11.3,1.07,472.6,7.3,11.9
1580072100.0,21.1,742.8,17.8,0.75,13.6,11.5,1.09,470.5,7.3,11.9
1580072160.0,21.1,742.9,17.8,0.77,13.7,11.5,1.09,472.4,7.3,11.9
1580072220.0,21.1,742.8,17.7,0.78,13.6,11.5,1.09,474.2,7.3,11.9
1580072280.0,21.1,742.8,17.6,0.77,13.5,11.9,1.09,471.5,7.3,11.8
1580072340.0,21.1,742.8,17.5,0.77,13.5,12.1,1.09,469.8,7.3,11.7
1580072400.0,21.1,742.8,17.5,0.77,13.5,12.1,1.10,465.8,7.2,11.7
1580072460.0,21.1,742.7,17.5,0.78,13.5,12.2,1.10,464.8,7.2,11.7
1580072520.0,21.1,742.8,17.4,0.78,13.6,12.2,1.10,464.9,7.2,11.6
1580072580.0,21.1,742.8,17.5,0.78,13.6,12.2,1.10,466.5,7.2,11.6
1580072640.0,21.1,742.8,17.5,0.76,13.6,11.9,1.10,464.5,7.2,11.5
1580072700.0,21.0,742.8,17.5,0.75,13.6,12.2,1.10,464.8,7.2,11.5
1580072760.0,21.0,742.8,17.5,0.75,13.6,12.0,1.09,461.5,7.1,11.4
1580072820.0,21.0,742.8,17.5,0.75,13.5,11.9,1.09,461.2,7.1,11.3
1580072880.0,21.0,742.9,17.5,0.74,13.5,12.1,1.09,462.6,7.1,11.3
1580072940.0,21.0,742.8,17.5,0.72,13.4,12.5,1.09,462.2,7.1,11.4
1580073000.0,21.0,743.0,17.4,0.71,13.5,12.3,1.08,464.0,7.1,11.4
1580073060.0,21.0,743.0,17.3,0.70,13.5,12.2,1.08,462.7,7.1,11.4
1580073120.0,21.0,743.0,17.3,0.69,13.3,12.6,1.07,461.6,7.2,11.4
1580073180.0,21.0,743.1,17.3,0.69,13.2,12.8,1.06,460.3,7.2,11.5
1580073240.0,21.0,743.1,17.3,0.68,13.2,12.5,1.06,460.7,7.2,11.4
1580073300.0,21.0,743.0,17.3,0.66,13.2,12.3,1.07,459.1,7.2,11.4
1580073360.0,21.0,743.0,17.3,0.67,13.2,12.2,1.06,457.4,7.1,11.4
1580073420.0,21.0,742.9,17.2,0.68,13.1,11.9,1.05,455.5,7.1,11.4
1580073480.0,21.0,742.9,17.2,0.68,13.1,12.1,1.05,459.4,7.1,11.4
1580073540.0,21.0,743.0,17.2,0.67,13.1,12.9,1.05,461.4,7.1,11.4
1580073600.0,21.0,743.0,17.2,0.67,13.1,13.0,1.05,460.7,7.1,11.4
1580073660.0,21.0,743.0,17.2,0.66,13.1,12.8,1.05,460.1,7.1,11.4
1580073720.0,21.0,743.1,17.1,0.65,13.1,13.1,1.05,458.4,7.1,11.4
1580073780.0,21.0,743.1,17.1,0.64,13.2,12.9,1.04,458.3,7.1,11.4
1580073840.0,21.0,743.2,17.1,0.63,13.2,12.8,1.04,454.3,7.2,11.4
1580073900.0,21.0,743.2,17.1,0.60,13.1,13.0,1.04,451.3,7.2,11.5
1580073960.0,21.0,743.2,17.0,0.59,13.1,13.0,1.04,451.2,7.2,11.5
1580074020.0,21.0,743.2,17.0,0.60,13.1,13.0,1.04,450.1,7.2,11.5
1580074080.0,21.0,743.2,17.0,0.59,13.1,13.1,1.03,452.7,7.3,11.6
1580074140.0,21.0,743.2,17.0,0.60,13.1,13.4,1.03,453.4,7.3,11.6
1580074200.0,21.0,743.2,17.0,0.61,13.1,13.2,1.03,454.3,7.3,11.6
1580074260.0,21.0,743.2,17.0,0.62,13.2,12.9,1.03,456.4,7.3,11.6
1580074320.0,21.0,743.2,17.0,0.64,13.2,12.6,1.03,453.6,7.3,11.5
1580074380.0,21.0,743.2,17.1,0.64,13.2,12.9,1.03,450.8,7.2,11.5
1580074440.0,21.0,743.2,17.1,0.65,13.2,13.5,1.03,448.4,7.2,11.5
1580074500.0,21.0,743.2,17.1,0.66,13.3,13.3,1.04,448.2,7.3,11.6
1580074560.0,21.0,743.2,17.1,0.66,13.4,13.2,1.04,447.9,7.2,11.5
1580074620.0,21.0,743.2,17.2,0.66,13.5,13.3,1.04,449.7,7.2,11.5
1580074680.0,21.0,743.2,17.2,0.65,13.5,12.6,1.04,448.9,7.2,11.5
1580074740.0,21.0,743.2,17.2,0.65,13.6,12.6,1.04,449.6,7.1,11.4
1580074800.0,21.0,743.2,17.3,0.64,13.8,12.8,1.04,447.6,7.2,11.4
1580074860.0,21.0,743.2,17.3,0.65,13.8,12.9,1.04,450.4,7.1,11.4
1580074920.0,21.0,743.2,17.4,0.65,13.8,13.2,1.04,449.8,7.1,11.4
1580074980.0,21.0,743.2,17.6,0.64,13.8,13.2,1.04,453.6,7.1,11.4
1580075040.0,21.0,743.2,17.6,0.61,13.8,13.4,1.05,454.9,7.1,11.4
1580075100.0,20.9,743.2,17.6,0.59,13.8,13.2,1.06,453.1,7.1,11.5
1580075160.0,20.9,743.2,17.6,0.59,13.8,13.0,1.06,453.6,7.1,11.4
1580075220.0,20.9,743.2,17.5,0.59,13.8,12.9,1.07,450.7,7.1,11.5
1580075280.0,20.9,743.2,17.5,0.58,13.9,13.0,1.08,448.8,7.2,11.6
1580075340.0,20.9,743.2,17.5,0.58,13.9,13.0,1.08,448.7,7.2,11.6
1580075400.0,20.9,743.2,17.5,0.57,13.9,13.3,1.07,449.3,7.2,11.6
1580075460.0,20.9,743.2,17.5,0.59,14.1,13.1,1.07,452.3,7.1,11.5
1580075520.0,20.9,743.2,17.5,0.61,14.3,13.2,1.07,453.2,7.1,11.5
1580075580.0,20.9,743.2,17.6,0.61,14.3,13.2,1.07,454.3,7.2,11.5
1580075640.0,20.9,743.2,17.7,0.61,14.4,13.0,1.08,453.2,7.2,11.5
1580075700.0,20.9,743.2,17.8,0.62,14.5,12.7,1.08,452.6,7.2,11.5
1580075760.0,20.9,743.2,18.0,0.62,14.7,12.8,1.09,452.0,7.2,11.5
1580075820.0,20.9,743.2,18.1,0.64,14.8,12.5,1.09,450.9,7.2,11.4
1580075880.0,20.9,743.2,18.3,0.65,14.9,12.6,1.09,449.2,7.2,11.4
1580075940.0,20.9,743.2,18.5,0.64,15.0,13.0,1.09,NaN,7.1,11.4
1580076000.0,20.9,743.2,18.7,0.64,15.1,12.8,1.09,NaN,7.2,11.4
1580076060.0,20.9,743.2,18.8,0.67,15.2,12.8,1.08,NaN,7.2,11.4
1580076120.0,20.9,743.2,19.0,0.69,15.2,12.6,1.07,NaN,7.2,11.4
1580076180.0,20.9,743.1,19.0,0.69,15.3,12.6,1.05,NaN,7.2,11.4
1580076240.0,20.9,743.1,19.1,0.70,15.5,12.6,1.04,NaN,7.2,11.4
1580076300.0,20.9,743.1,19.2,0.71,15.6,12.5,1.04,NaN,7.2,11.3
1580076360.0,20.9,743.0,19.3,0.70,15.7,12.6,1.04,NaN,7.2,11.3
1580076420.0,20.9,743.0,19.3,0.72,15.8,12.8,1.04,NaN,7.2,11.3
1580076480.0,20.9,743.1,19.4,0.74,15.9,12.9,1.04,NaN,7.1,11.2
1580076540.0,20.9,743.2,19.6,0.75,16.1,13.0,1.03,NaN,7.1,11.2
1580076600.0,20.9,743.2,19.8,0.78,16.2,12.8,1.04,NaN,7.1,11.1
1580076660.0,20.9,743.1,20.0,0.79,16.2,12.6,1.04,NaN,7.1,11.0
1580076720.0,20.9,743.1,20.2,0.79,16.2,12.5,1.04,456.6,7.1,11.1
1580076780.0,20.9,743.1,20.3,0.79,16.2,12.5,1.04,461.6,7.2,11.2
1580076840.0,20.9,743.1,20.4,0.81,16.2,12.6,1.03,466.1,7.2,11.2
1580076900.0,20.9,743.1,20.5,0.81,16.3,12.5,1.03,466.9,7.2,11.2
1580076960.0,20.9,743.1,20.6,0.81,16.3,12.7,1.04,469.8,7.2,11.3
1580077020.0,20.9,743.1,20.6,0.82,16.4,13.0,1.04,470.4,7.2,11.2
1580077080.0,20.9,743.1,20.6,0.82,16.4,12.7,1.05,469.9,7.3,11.3
1580077140.0,20.9,743.1,20.7,0.83,16.4,12.9,1.05,467.1,7.3,11.4
1580077200.0,20.9,743.0,20.7,0.84,16.5,12.9,1.06,465.7,7.3,11.4
1580077260.0,20.9,743.0,20.8,0.87,16.6,12.8,1.06,468.4,7.4,11.5
1580077320.0,20.9,742.9,20.9,0.88,16.6,13.0,1.06,470.4,7.4,11.5
1580077380.0,20.9,742.9,20.9,0.88,16.7,13.2,1.07,472.5,7.4,11.5
1580077440.0,20.9,742.9,21.0,0.87,16.7,13.5,1.07,472.9,7.4,11.5
1580077500.0,21.0,742.9,21.0,0.85,16.9,13.6,1.07,472.2,7.4,11.6
1580077560.0,21.0,743.0,21.0,0.83,16.9,13.7,1.07,470.1,7.4,11.6
1580077620.0,21.0,743.0,21.0,0.81,16.9,13.4,1.07,470.1,7.4,11.6
1580077680.0,21.0,743.0,20.9,0.79,16.9,13.2,1.07,472.8,7.4,11.7
1580077740.0,21.0,742.9,20.9,0.76,16.9,13.2,1.07,474.3,7.4,11.7
1580077800.0,21.0,743.0,20.8,0.75,16.9,13.3,1.07,474.1,7.4,11.7
1580077860.0,21.0,743.0,20.9,0.73,16.9,13.6,1.07,471.4,7.4,11.7
1580077920.0,21.0,743.0,20.8,0.70,16.9,13.6,1.07,471.9,7.4,11.6
1580077980.0,21.0,743.0,20.8,0.68,16.9,13.4,1.07,473.1,7.4,11.6
1580078040.0,21.0,743.0,20.8,0.66,16.9,13.5,1.06,474.8,7.4,11.6
1580078100.0,21.0,743.0,20.8,0.67,16.8,13.5,1.06,473.7,7.4,11.6
1580078160.0,21.0,743.0,20.8,0.66,16.8,13.2,1.06,474.0,7.4,11.5
1580078220.0,20.9,743.0,20.7,0.65,16.8,13.3,1.06,474.8,7.4,11.5
1580078280.0,20.9,743.0,20.8,0.64,16.8,13.8,1.06,472.3,7.4,11.5
1580078340.0,20.9,743.0,20.8,0.64,16.8,14.3,1.06,473.7,7.4,11.5
1580078400.0,20.9,743.0,20.8,0.66,16.8,13.9,1.06,472.9,7.5,11.6
1580078460.0,20.9,743.0,20.8,0.67,16.7,13.7,1.05,474.6,7.5,11.6
1580078520.0,20.9,743.0,20.8,0.67,16.7,14.1,1.06,479.6,7.5,11.6
1580078580.0,20.9,743.0,20.7,0.66,16.7,14.3,1.05,478.9,7.5,11.7
1580078640.0,20.9,742.9,20.7,0.65,16.7,14.6,1.05,480.1,7.6,11.7
1580078700.0,20.9,742.8,20.7,0.66,16.7,14.4,1.05,477.1,7.6,11.8
1580078760.0,20.9,742.8,20.7,0.67,16.7,14.3,1.05,471.1,7.6,11.9
1580078820.0,20.9,742.8,20.7,0.65,16.7,14.3,1.06,472.4,7.7,12.0
1580078880.0,20.9,742.8,20.8,0.64,16.7,14.4,1.06,474.0,7.7,12.0
1580078940.0,20.9,742.7,20.8,0.64,16.7,14.4,1.06,478.8,7.7,12.0
1580079000.0,20.9,742.7,20.8,0.63,16.6,14.6,1.06,480.8,7.7,12.0
1580079060.0,20.9,742.6,20.9,0.63,16.6,14.3,1.05,479.8,7.6,11.9
1580079120.0,20.9,742.6,20.9,0.64,16.6,14.5,1.05,479.5,7.6,11.9
1580079180.0,20.9,742.7,20.9,0.64,16.6,14.6,1.06,478.3,7.6,11.8
1580079240.0,20.9,742.6,20.8,0.64,16.6,14.7,1.06,478.0,7.5,11.8
1580079300.0,20.9,742.7,20.8,0.65,16.6,14.9,1.06,476.3,7.5,11.7
1580079360.0,20.9,742.6,20.7,0.65,16.6,14.8,1.06,475.0,7.4,11.6
1580079420.0,20.9,742.6,20.6,0.67,16.5,14.7,1.05,476.2,7.4,11.6
1580079480.0,20.9,742.6,20.6,0.69,16.5,15.0,1.04,478.8,7.4,11.5
1580079540.0,20.9,742.6,20.5,0.69,16.5,15.4,1.03,480.6,7.4,11.5
1580079600.0,20.9,742.6,20.5,0.67,16.4,15.2,1.03,479.8,7.4,11.4
1580079660.0,20.9,742.6,20.4,0.66,16.4,14.8,1.02,477.9,7.4,11.6
1580079720.0,20.9,742.6,20.4,0.65,16.4,15.2,1.02,476.5,7.4,11.6
1580079780.0,20.9,742.6,20.4,0.65,16.4,15.3,1.02,476.8,7.4,11.6
1580079840.0,20.9,742.6,20.4,0.64,16.3,15.3,1.03,480.9,7.4,11.6
1580079900.0,20.9,742.6,20.4,0.62,16.3,15.6,1.03,480.2,7.4,11.6
1580079960.0,20.9,742.6,20.3,0.61,16.2,15.6,1.03,481.7,7.4,11.6
1580080020.0,20.9,742.6,20.3,0.61,16.2,15.7,1.04,484.4,7.4,11.6
1580080080.0,20.9,742.6,20.3,0.61,16.2,15.8,1.04,485.3,7.4,11.6
1580080140.0,20.9,742.6,20.3,0.61,16.2,15.8,1.04,486.3,7.4,11.6
1580080200.0,20.9,742.7,20.3,0.63,16.2,15.5,1.04,481.8,7.3,11.5
1580080260.0,20.9,742.7,20.3,0.66,16.2,15.3,1.04,478.5,7.3,11.4
1580080320.0,20.9,742.7,20.3,0.65,16.2,15.6,1.04,478.7,7.2,11.3
1580080380.0,20.9,742.7,20.3,0.66,16.2,15.9,1.04,482.0,7.2,11.2
1580080440.0,20.9,742.7,20.3,0.65,16.1,15.8,1.04,481.8,7.2,11.1
1580080500.0,20.9,742.7,20.1,0.65,15.7,16.1,1.05,481.3,7.1,11.0
1580080560.0,20.9,742.7,20.1,0.65,15.7,16.2,1.06,476.3,7.1,10.9
1580080620.0,20.9,742.7,20.0,0.65,15.6,16.2,1.07,474.4,7.1,10.9
1580080680.0,20.9,742.7,19.9,0.61,15.5,16.0,1.07,475.5,7.0,10.9
1580080740.0,20.9,742.8,19.8,0.57,15.4,16.0,1.07,476.8,7.0,10.8
1580080800.0,20.9,742.8,19.8,0.57,15.3,16.3,1.06,478.4,7.0,10.8
1580080860.0,21.0,742.7,19.6,0.57,15.3,16.6,1.06,478.3,7.0,10.9
1580080920.0,21.0,742.7,19.5,0.56,15.2,16.8,1.06,475.7,7.0,10.9
1580080980.0,21.0,742.7,19.5,0.56,15.1,16.6,1.07,474.9,7.0,10.9
1580081040.0,21.0,742.7,19.4,0.55,15.0,16.1,1.06,470.0,7.1,11.1
1580081100.0,21.0,742.7,19.3,0.52,15.0,16.1,1.05,467.3,7.1,11.3
1580081160.0,21.0,742.7,19.2,0.52,14.9,16.5,1.05,463.7,7.1,11.5
1580081220.0,21.0,742.7,19.0,0.52,14.9,16.8,1.05,463.8,7.1,11.6
1580081280.0,21.0,742.7,18.9,0.49,14.8,16.6,1.05,462.9,7.2,11.6
1580081340.0,21.0,742.7,18.8,0.48,14.7,16.2,1.05,464.4,7.2,11.6
1580081400.0,21.0,742.7,18.8,0.46,14.7,16.3,1.05,463.0,7.2,11.7
1580081460.0,21.0,742.7,18.7,0.45,14.6,16.7,1.04,463.1,7.2,11.7
1580081520.0,21.0,742.7,18.6,0.44,14.6,16.7,1.03,462.0,7.2,11.7
1580081580.0,21.0,742.7,18.5,0.45,14.5,17.0,1.02,464.3,7.2,11.7
1580081640.0,21.0,742.7,18.5,0.44,14.5,17.2,1.01,468.5,7.2,11.7
1580081700.0,21.0,742.7,18.4,0.43,14.4,16.9,1.01,470.3,7.2,11.4
1580081760.0,21.0,742.7,18.3,0.41,14.4,17.1,1.00,468.1,7.2,11.2
1580081820.0,20.9,742.7,18.3,0.41,14.5,17.1,0.99,464.9,7.1,11.0
1580081880.0,20.9,742.7,18.2,0.43,14.6,16.8,1.00,465.0,7.1,11.0
1580081940.0,20.9,742.7,18.2,0.43,14.6,16.7,0.99,466.2,7.1,11.0
1580082000.0,20.9,742.7,18.2,0.43,14.5,17.0,0.99,465.7,7.1,10.9
1580082060.0,20.9,742.7,18.1,0.42,14.4,16.8,1.00,462.3,7.1,10.9
1580082120.0,20.9,742.7,18.1,0.43,14.4,17.2,1.00,459.4,7.1,10.8
1580082180.0,21.0,742.7,18.1,0.44,14.4,17.5,1.00,459.2,7.1,10.8
1580082240.0,21.0,742.7,18.1,0.44,14.3,17.5,1.00,457.9,7.1,10.7
1580082300.0,21.0,742.8,18.0,0.44,14.2,17.5,1.01,457.1,7.1,10.8
1580082360.0,21.0,742.8,18.0,0.42,14.2,17.1,1.02,455.1,7.1,10.8
1580082420.0,21.0,742.8,17.9,0.40,14.2,16.9,1.03,455.0,7.1,10.8
1580082480.0,20.9,742.8,17.9,0.40,14.2,17.0,1.04,455.7,7.1,10.9
1580082540.0,20.9,743.0,17.8,0.41,14.3,17.1,1.05,456.2,7.1,10.9
1580082600.0,20.9,743.0,17.8,0.39,14.2,16.7,1.05,455.1,7.2,10.9
1580082660.0,20.9,743.0,17.8,0.39,14.2,16.6,1.05,453.8,7.1,10.9
1580082720.0,20.9,742.9,17.7,0.39,14.2,17.2,1.05,451.5,7.1,10.9
1580082780.0,20.9,742.9,17.7,0.39,14.2,17.6,1.05,452.1,7.1,10.9
1580082840.0,20.9,742.9,17.7,0.40,14.3,17.5,1.05,453.5,7.1,10.8
1580082900.0,20.9,743.0,17.7,0.41,14.3,17.1,1.05,455.2,7.1,10.8
1580082960.0,20.9,743.0,17.8,0.40,14.4,16.9,1.05,453.3,7.0,10.6
1580083020.0,20.9,743.0,17.8,0.40,14.5,17.1,1.05,453.1,7.0,10.6
1580083080.0,20.9,743.0,17.9,0.41,14.5,16.6,1.06,452.7,7.0,10.5
1580083140.0,20.9,743.0,18.0,0.42,14.6,16.2,1.06,NaN,6.9,10.4
